,ts_code,trade_date,open,high,low,close,pre_close,change,pct_chg,vol,amount
1059,002298.SZ,20140102,7.23,7.46,7.18,7.45,7.23,0.22,3.04,90239.71,66632.9702
1058,002298.SZ,20140103,7.44,7.5,7.35,7.45,7.45,0.0,0.0,84304.48,62535.7037
1057,002298.SZ,20140106,7.43,7.44,7.16,7.21,7.45,-0.24,-3.22,70987.37,51511.1944
1056,002298.SZ,20140107,7.18,7.62,7.1,7.62,7.21,0.41,5.69,145649.59,108672.3438
1055,002298.SZ,20140108,7.63,7.64,7.48,7.57,7.62,-0.05,-0.66,114421.13,86523.0415
1054,002298.SZ,20140109,7.52,7.61,7.3,7.3,7.57,-0.27,-3.57,98926.6,73829.1892
1053,002298.SZ,20140110,7.24,7.28,7.05,7.14,7.3,-0.16,-2.19,66672.95,47669.0352
1052,002298.SZ,20140113,7.18,7.23,6.94,7.1,7.14,-0.04,-0.56,77995.04,54997.3699
1051,002298.SZ,20140114,7.08,7.28,7.04,7.25,7.1,0.15,2.11,58558.68,42231.165
1050,002298.SZ,20140115,7.23,7.25,7.0,7.13,7.25,-0.12,-1.66,84963.94,60493.2451
1049,002298.SZ,20140116,7.13,7.23,7.09,7.15,7.13,0.02,0.28,55985.68,40189.5338
1048,002298.SZ,20140117,7.18,7.18,6.92,6.94,7.15,-0.21,-2.94,65295.04,45946.5087
1047,002298.SZ,20140120,6.93,7.05,6.83,6.91,6.94,-0.03,-0.43,46679.69,32426.4584
1046,002298.SZ,20140121,6.91,7.01,6.86,6.96,6.91,0.05,0.72,44559.32,30934.2591
1045,002298.SZ,20140122,6.96,7.15,6.92,7.14,6.96,0.18,2.59,70975.61,50232.2991
1044,002298.SZ,20140123,7.14,7.24,7.08,7.13,7.14,-0.01,-0.14,82640.87,59093.4906
1043,002298.SZ,20140124,7.12,7.3,7.09,7.29,7.13,0.16,2.24,99805.41,72088.851
1042,002298.SZ,20140127,7.25,7.28,7.13,7.18,7.29,-0.11,-1.51,73541.45,52988.7976
1041,002298.SZ,20140128,7.17,7.24,7.11,7.19,7.18,0.01,0.14,45413.57,32514.9354
1040,002298.SZ,20140129,7.17,7.31,7.17,7.31,7.19,0.12,1.67,74051.08,53789.0395
1039,002298.SZ,20140130,7.3,7.45,7.25,7.27,7.31,-0.04,-0.55,74068.95,54406.7273
1038,002298.SZ,20140207,7.22,7.55,7.18,7.53,7.27,0.26,3.58,106635.95,78958.2066
1037,002298.SZ,20140210,7.52,8.28,7.52,7.97,7.53,0.44,5.84,283860.91,225736.5891
1036,002298.SZ,20140211,8.1,8.15,7.82,7.96,7.97,-0.01,-0.13,210441.42,168241.4697
1035,002298.SZ,20140212,7.91,8.26,7.9,8.15,7.96,0.19,2.39,193158.1,156635.5227
1034,002298.SZ,20140213,8.1,8.24,7.95,8.0,8.15,-0.15,-1.84,183460.66,148795.2657
1033,002298.SZ,20140214,8.02,8.25,7.87,8.24,8.0,0.24,3.0,184485.89,148629.5261
1032,002298.SZ,20140217,8.5,8.75,8.35,8.4,8.24,0.16,1.94,280716.48,238874.3732
1031,002298.SZ,20140218,8.48,8.72,8.39,8.63,8.4,0.23,2.74,220434.22,189469.4553
1030,002298.SZ,20140219,8.56,9.1,8.52,8.64,8.63,0.01,0.12,231434.73,203283.1643
1029,002298.SZ,20140220,8.6,8.67,8.25,8.3,8.64,-0.34,-3.94,183413.89,154148.1537
1028,002298.SZ,20140221,8.3,8.48,8.11,8.2,8.3,-0.1,-1.2,121245.45,100591.9249
1027,002298.SZ,20140224,8.14,8.39,8.05,8.37,8.2,0.17,2.07,105172.52,86534.7934
1026,002298.SZ,20140225,8.37,8.64,7.96,8.02,8.37,-0.35,-4.18,179457.87,149967.7741
1025,002298.SZ,20140226,8.02,8.36,7.91,8.33,8.02,0.31,3.87,131033.12,107209.8801
1024,002298.SZ,20140227,8.3,8.57,8.11,8.17,8.33,-0.16,-1.92,134919.64,112789.9925
1023,002298.SZ,20140228,8.17,8.35,8.0,8.32,8.17,0.15,1.84,102150.39,83561.8454
1022,002298.SZ,20140303,8.28,8.55,8.28,8.39,8.32,0.07,0.84,114684.42,96191.6222
1021,002298.SZ,20140304,8.28,8.39,8.13,8.34,8.39,-0.05,-0.6,110846.91,91180.8703
1020,002298.SZ,20140305,9.17,9.17,8.72,9.12,8.34,0.78,9.35,751904.97,684290.2727
1019,002298.SZ,20140306,9.07,9.88,8.99,9.61,9.12,0.49,5.37,691883.56,645322.4545
1018,002298.SZ,20140307,9.3,9.95,9.2,9.74,9.61,0.13,1.35,654318.33,621958.2019
1017,002298.SZ,20140310,9.74,9.97,9.21,9.3,9.74,-0.44,-4.52,492813.62,472793.6885
1016,002298.SZ,20140311,9.5,9.96,8.71,9.17,9.3,-0.13,-1.4,465072.76,436601.6665
1015,002298.SZ,20140312,9.03,9.24,8.3,8.5,9.17,-0.67,-7.31,354709.57,310134.575
1014,002298.SZ,20140313,8.45,8.79,8.39,8.59,8.5,0.09,1.06,197898.13,170204.8718
1013,002298.SZ,20140314,8.58,8.65,8.38,8.52,8.59,-0.07,-0.81,130140.05,110708.1189
1012,002298.SZ,20140317,8.36,9.37,8.23,9.04,8.52,0.52,6.1,287469.88,255084.6681
1011,002298.SZ,20140318,8.9,9.36,8.87,9.08,9.04,0.04,0.44,250809.39,228900.2994
1010,002298.SZ,20140319,8.92,9.35,8.88,9.32,9.08,0.24,2.64,243933.12,222188.7459
1009,002298.SZ,20140320,9.2,9.49,8.75,8.78,9.32,-0.54,-5.79,240794.96,221610.5368
1008,002298.SZ,20140321,8.85,9.66,8.84,9.64,8.78,0.86,9.8,465916.37,436447.4403
1007,002298.SZ,20140324,9.41,9.74,9.35,9.5,9.64,-0.14,-1.45,330677.16,315298.8189
1006,002298.SZ,20140325,9.42,9.6,9.27,9.35,9.5,-0.15,-1.58,200702.23,188881.6303
1005,002298.SZ,20140326,9.53,9.72,9.36,9.37,9.35,0.02,0.21,239200.1,228001.1495
1004,002298.SZ,20140327,9.15,9.25,8.8,8.8,9.37,-0.57,-6.08,254661.72,230208.2134
1003,002298.SZ,20140328,8.74,8.93,8.55,8.59,8.8,-0.21,-2.39,151302.36,131432.656
1002,002298.SZ,20140331,8.29,8.29,7.73,7.73,8.59,-0.86,-10.01,261528.45,206004.0322
1001,002298.SZ,20140401,7.58,7.78,7.53,7.77,7.73,0.04,0.52,186798.59,142657.6116
1000,002298.SZ,20140402,7.78,7.81,7.6,7.63,7.77,-0.14,-1.8,115354.42,88614.5115
999,002298.SZ,20140403,7.69,7.8,7.62,7.65,7.63,0.02,0.26,90122.23,69403.9419
998,002298.SZ,20140404,7.61,7.7,7.6,7.69,7.65,0.04,0.52,78008.15,59666.2104
997,002298.SZ,20140408,7.61,7.67,7.41,7.64,7.69,-0.05,-0.65,153337.21,115416.4358
996,002298.SZ,20140409,7.61,7.75,7.59,7.74,7.64,0.1,1.31,114312.38,87750.5939
995,002298.SZ,20140410,7.75,7.97,7.7,7.9,7.74,0.16,2.07,159037.79,124945.4586
994,002298.SZ,20140411,7.81,7.88,7.71,7.8,7.9,-0.1,-1.27,92302.56,71814.5624
993,002298.SZ,20140414,7.77,7.84,7.7,7.82,7.8,0.02,0.26,71050.04,55069.7122
992,002298.SZ,20140415,7.82,7.82,7.72,7.74,7.82,-0.08,-1.02,60286.79,46750.4784
991,002298.SZ,20140416,7.72,7.84,7.7,7.78,7.74,0.04,0.52,72133.97,56107.0031
990,002298.SZ,20140417,7.77,7.82,7.64,7.64,7.78,-0.14,-1.8,81851.62,62984.914
989,002298.SZ,20140418,7.64,7.71,7.54,7.65,7.64,0.01,0.13,50148.49,38241.5038
988,002298.SZ,20140421,7.6,7.64,7.4,7.42,7.65,-0.23,-3.01,85426.61,64372.3532
987,002298.SZ,20140422,7.43,7.47,7.11,7.32,7.42,-0.1,-1.35,111857.32,80921.7305
986,002298.SZ,20140423,7.3,7.33,7.21,7.25,7.32,-0.07,-0.96,42805.32,31084.2946
985,002298.SZ,20140424,7.25,7.27,7.15,7.16,7.25,-0.09,-1.24,32142.44,23150.6121
984,002298.SZ,20140425,7.15,7.24,7.1,7.1,7.16,-0.06,-0.84,47444.99,34031.9009
983,002298.SZ,20140428,7.08,7.08,6.86,6.9,7.1,-0.2,-2.82,55991.91,38876.7874
982,002298.SZ,20140429,6.87,7.02,6.85,7.0,6.9,0.1,1.45,37058.26,25671.6401
981,002298.SZ,20140430,6.95,7.06,6.94,7.03,7.0,0.03,0.43,25985.66,18257.2633
980,002298.SZ,20140505,7.03,7.08,6.9,7.06,7.03,0.03,0.43,33207.59,23165.9346
979,002298.SZ,20140506,7.08,7.28,7.01,7.21,7.06,0.15,2.12,61459.93,44201.2766
978,002298.SZ,20140507,7.25,7.28,7.19,7.23,7.21,0.02,0.28,55194.91,39855.8356
977,002298.SZ,20140508,7.18,7.29,7.17,7.26,7.23,0.03,0.41,55063.87,39917.8216
976,002298.SZ,20140509,7.26,7.26,6.67,6.76,7.26,-0.5,-6.89,138187.45,94933.5758
975,002298.SZ,20140512,6.77,6.9,6.69,6.88,6.76,0.12,1.78,93141.1,63119.379
974,002298.SZ,20140513,6.84,6.9,6.78,6.82,6.88,-0.06,-0.87,48025.98,32794.249
973,002298.SZ,20140514,6.78,6.82,6.76,6.77,6.82,-0.05,-0.73,34207.21,23227.3753
972,002298.SZ,20140515,6.75,6.77,6.59,6.61,6.77,-0.16,-2.36,51298.12,34234.9705
971,002298.SZ,20140516,6.6,6.78,6.6,6.77,6.61,0.16,2.42,47574.88,31874.5518
970,002298.SZ,20140519,6.76,6.81,6.67,6.78,6.77,0.01,0.15,43769.09,29447.7804
969,002298.SZ,20140520,6.84,6.84,6.67,6.71,6.78,-0.07,-1.03,35434.48,23925.2605
968,002298.SZ,20140521,6.73,6.79,6.67,6.75,6.71,0.04,0.6,36224.45,24398.1334
967,002298.SZ,20140522,6.75,6.81,6.7,6.72,6.75,-0.03,-0.44,49300.85,33370.4771
966,002298.SZ,20140523,6.7,6.76,6.66,6.75,6.72,0.03,0.45,33752.93,22633.3801
965,002298.SZ,20140526,6.78,6.82,6.76,6.81,6.75,0.06,0.89,44941.35,30530.5212
964,002298.SZ,20140527,6.81,6.85,6.73,6.74,6.81,-0.07,-1.03,37903.45,25706.6835
963,002298.SZ,20140528,6.8,6.86,6.75,6.85,6.74,0.11,1.63,68049.27,46435.3152
962,002298.SZ,20140529,6.81,6.84,6.73,6.76,6.85,-0.09,-1.31,41204.69,27950.8092
961,002298.SZ,20140530,6.78,6.78,6.67,6.75,6.76,-0.01,-0.15,36316.34,24374.0392
960,002298.SZ,20140603,6.81,6.87,6.75,6.8,6.75,0.05,0.74,46501.14,31722.3943
959,002298.SZ,20140604,6.76,6.8,6.66,6.7,6.8,-0.1,-1.47,44825.92,30125.6129
958,002298.SZ,20140605,6.71,6.76,6.69,6.75,6.7,0.05,0.75,30190.58,20322.5335
957,002298.SZ,20140606,6.77,6.88,6.74,6.83,6.75,0.08,1.19,55327.13,37729.0317
956,002298.SZ,20140609,6.81,6.96,6.77,6.87,6.83,0.04,0.59,61472.35,42356.9836
955,002298.SZ,20140610,6.9,6.94,6.83,6.91,6.87,0.04,0.58,49079.38,33816.5062
954,002298.SZ,20140611,6.93,6.93,6.84,6.91,6.91,0.0,0.0,45404.45,31286.7823
953,002298.SZ,20140612,6.89,6.89,6.8,6.84,6.91,-0.07,-1.01,41329.27,28250.8521
952,002298.SZ,20140613,6.82,7.0,6.81,6.98,6.84,0.14,2.05,70618.05,49022.7375
951,002298.SZ,20140616,7.01,7.06,6.92,6.94,6.98,-0.04,-0.57,65822.71,45863.4781
950,002298.SZ,20140617,6.95,6.96,6.82,6.83,6.94,-0.11,-1.59,39342.74,27061.3206
949,002298.SZ,20140618,6.83,6.91,6.82,6.86,6.83,0.03,0.44,37469.29,25686.7457
948,002298.SZ,20140619,6.89,7.03,6.7,6.75,6.86,-0.11,-1.6,65835.25,45268.4102
947,002298.SZ,20140620,6.75,6.78,6.63,6.74,6.75,-0.01,-0.15,31244.18,20940.5851
946,002298.SZ,20140623,6.76,6.79,6.73,6.74,6.74,0.0,0.0,26664.12,18007.655
945,002298.SZ,20140624,6.74,6.8,6.7,6.76,6.74,0.02,0.3,32153.07,21701.67
944,002298.SZ,20140625,6.77,6.86,6.73,6.78,6.76,0.02,0.3,38202.88,25945.2312
943,002298.SZ,20140626,6.76,6.92,6.76,6.88,6.75,0.13,1.93,55908.13,38376.0959
942,002298.SZ,20140627,6.9,7.06,6.84,7.0,6.88,0.12,1.74,98655.09,68920.0555
941,002298.SZ,20140630,7.03,7.03,6.94,6.98,7.0,-0.02,-0.29,50843.41,35431.5355
940,002298.SZ,20140701,6.98,7.02,6.92,7.0,6.98,0.02,0.29,56861.5,39636.1882
939,002298.SZ,20140702,7.02,7.05,6.89,7.02,7.0,0.02,0.29,68726.5,47934.1629
938,002298.SZ,20140703,7.01,7.33,6.98,7.22,7.02,0.2,2.85,147087.72,106016.0926
937,002298.SZ,20140704,7.23,7.32,7.12,7.29,7.22,0.07,0.97,86647.37,62659.9724
936,002298.SZ,20140707,7.29,7.29,7.17,7.2,7.29,-0.09,-1.23,47113.1,33974.7442
935,002298.SZ,20140708,7.2,7.26,7.08,7.25,7.2,0.05,0.69,55672.94,39881.3612
934,002298.SZ,20140709,7.2,7.23,7.04,7.06,7.25,-0.19,-2.62,59701.23,42572.6698
933,002298.SZ,20140710,7.02,7.11,6.99,7.03,7.06,-0.03,-0.42,62043.42,43635.6462
932,002298.SZ,20140711,7.04,7.13,7.0,7.12,7.03,0.09,1.28,44787.6,31707.1943
931,002298.SZ,20140714,7.12,7.35,7.04,7.32,7.12,0.2,2.81,121195.92,87794.5485
930,002298.SZ,20140715,7.29,7.68,7.28,7.62,7.32,0.3,4.1,238917.56,179929.456
929,002298.SZ,20140716,7.51,7.6,7.37,7.44,7.62,-0.18,-2.36,122233.01,91167.3321
928,002298.SZ,20140717,7.4,7.43,7.26,7.34,7.44,-0.1,-1.34,69705.53,50996.7958
927,002298.SZ,20140718,7.3,7.45,7.25,7.34,7.34,0.0,0.0,57843.43,42612.4636
926,002298.SZ,20140721,7.35,7.77,7.3,7.71,7.34,0.37,5.04,180788.65,137001.6226
925,002298.SZ,20140722,7.78,8.08,7.66,7.82,7.71,0.11,1.43,313228.95,245866.51
924,002298.SZ,20140723,7.81,7.85,7.6,7.66,7.82,-0.16,-2.05,164625.2,126834.0956
923,002298.SZ,20140724,7.73,7.73,7.49,7.6,7.66,-0.06,-0.78,111195.55,84660.94
922,002298.SZ,20140725,7.55,7.73,7.55,7.67,7.6,0.07,0.92,73765.84,56528.9364
921,002298.SZ,20140728,7.67,7.82,7.62,7.78,7.67,0.11,1.43,115987.14,89170.7689
920,002298.SZ,20140729,7.78,7.78,7.62,7.64,7.78,-0.14,-1.8,142825.44,109756.1406
919,002298.SZ,20140730,7.62,7.63,7.47,7.58,7.64,-0.06,-0.79,121638.23,91710.0003
918,002298.SZ,20140731,7.55,7.72,7.49,7.7,7.58,0.12,1.58,95041.6,72679.9688
917,002298.SZ,20140801,7.64,7.73,7.48,7.54,7.7,-0.16,-2.08,92344.42,70199.8584
916,002298.SZ,20140804,7.56,7.92,7.51,7.9,7.54,0.36,4.77,177338.31,137583.4961
915,002298.SZ,20140805,8.01,8.06,7.78,7.9,7.9,0.0,0.0,182866.93,144202.0444
914,002298.SZ,20140806,7.84,8.04,7.79,8.0,7.9,0.1,1.27,133394.73,106101.6984
913,002298.SZ,20140807,8.01,8.03,7.72,7.73,8.0,-0.27,-3.38,130022.39,102195.7343
912,002298.SZ,20140808,7.73,7.85,7.7,7.75,7.73,0.02,0.26,65466.9,50809.1775
911,002298.SZ,20140811,7.76,7.89,7.76,7.85,7.75,0.1,1.29,68237.55,53485.3984
910,002298.SZ,20140812,7.87,7.93,7.82,7.89,7.85,0.04,0.51,73908.86,58101.678
909,002298.SZ,20140813,7.88,7.9,7.71,7.8,7.89,-0.09,-1.14,76292.32,59394.8531
908,002298.SZ,20140814,7.79,7.84,7.67,7.68,7.8,-0.12,-1.54,72536.49,56331.4186
907,002298.SZ,20140815,7.7,7.78,7.65,7.73,7.68,0.05,0.65,79293.88,61199.1922
906,002298.SZ,20140818,7.74,7.81,7.68,7.81,7.73,0.08,1.03,110686.73,85669.1768
905,002298.SZ,20140819,7.91,8.15,7.91,7.99,7.81,0.18,2.3,206779.37,165893.6434
904,002298.SZ,20140820,7.9,8.04,7.85,7.89,7.99,-0.1,-1.25,122812.6,97556.0381
903,002298.SZ,20140821,7.91,8.12,7.9,8.12,7.89,0.23,2.92,183804.87,147302.3509
902,002298.SZ,20140822,8.16,8.2,8.02,8.08,8.12,-0.04,-0.49,112589.79,91008.2382
901,002298.SZ,20140825,8.05,8.09,7.91,7.95,8.08,-0.13,-1.61,84049.48,67089.7491
900,002298.SZ,20140826,7.92,7.95,7.6,7.63,7.95,-0.32,-4.03,110100.07,85595.2385
899,002298.SZ,20140827,7.6,7.73,7.58,7.66,7.63,0.03,0.39,66337.58,50791.184
898,002298.SZ,20140828,7.67,7.67,7.49,7.54,7.66,-0.12,-1.57,52590.88,39938.7933
897,002298.SZ,20140829,7.57,7.65,7.51,7.65,7.54,0.11,1.46,44775.06,34024.47
896,002298.SZ,20140901,7.65,7.79,7.56,7.76,7.65,0.11,1.44,65190.77,50330.7637
895,002298.SZ,20140902,7.75,7.84,7.7,7.84,7.76,0.08,1.03,101487.38,78986.4318
894,002298.SZ,20140903,7.85,7.95,7.8,7.88,7.84,0.04,0.51,116148.79,91268.7582
893,002298.SZ,20140904,7.88,8.03,7.83,7.96,7.88,0.08,1.02,150334.59,119440.5335
892,002298.SZ,20140905,8.04,8.12,7.93,8.05,7.96,0.09,1.13,148474.94,119265.9443
891,002298.SZ,20140909,8.03,8.27,8.03,8.15,8.05,0.1,1.24,188994.92,153985.0509
890,002298.SZ,20140910,8.11,8.34,8.07,8.3,8.15,0.15,1.84,180598.68,148232.3578
889,002298.SZ,20140911,8.3,8.5,8.17,8.21,8.3,-0.09,-1.08,234097.18,195512.144
888,002298.SZ,20140912,8.19,8.44,8.19,8.43,8.21,0.22,2.68,137112.38,114361.5239
887,002298.SZ,20140915,8.45,8.6,8.36,8.39,8.43,-0.04,-0.47,149490.75,126461.6744
886,002298.SZ,20140916,8.4,8.55,8.12,8.18,8.39,-0.21,-2.5,191366.32,160367.9527
885,002298.SZ,20140917,8.21,8.32,8.16,8.28,8.18,0.1,1.22,103268.35,85181.3723
884,002298.SZ,20140918,8.27,8.74,8.25,8.58,8.28,0.3,3.62,187810.66,159613.971
883,002298.SZ,20140919,8.59,8.64,8.44,8.58,8.58,0.0,0.0,116094.1,99150.596
882,002298.SZ,20140922,8.57,8.66,8.35,8.54,8.58,-0.04,-0.47,108439.54,92453.6941
881,002298.SZ,20140923,8.5,8.85,8.5,8.76,8.54,0.22,2.58,114800.73,99893.1314
880,002298.SZ,20140924,8.73,9.06,8.68,8.93,8.76,0.17,1.94,149568.58,133335.6282
879,002298.SZ,20140925,8.94,8.98,8.78,8.81,8.93,-0.12,-1.34,91228.42,80831.9835
878,002298.SZ,20140926,8.88,9.08,8.87,8.93,8.81,0.12,1.36,106767.93,95765.1722
877,002298.SZ,20140929,8.96,9.0,8.86,8.97,8.93,0.04,0.45,132648.59,118383.2941
876,002298.SZ,20150410,9.87,9.87,9.87,9.87,8.97,0.9,10.03,667.93,659.2469
875,002298.SZ,20150413,10.86,10.86,10.86,10.86,9.87,0.99,10.03,491.34,533.5952
874,002298.SZ,20150414,11.95,11.95,11.95,11.95,10.86,1.09,10.04,777.66,929.3037
873,002298.SZ,20150415,13.15,13.15,13.15,13.15,11.95,1.2,10.04,1128.15,1483.5173
872,002298.SZ,20150416,14.47,14.47,14.47,14.47,13.15,1.32,10.04,3467.43,5017.3712
871,002298.SZ,20150417,15.92,15.92,15.92,15.92,14.47,1.45,10.02,4158.13,6619.743
870,002298.SZ,20150420,17.51,17.51,17.51,17.51,15.92,1.59,9.99,12688.99,22218.4215
869,002298.SZ,20150421,19.26,19.26,19.26,19.26,17.51,1.75,9.99,8214.92,15821.9359
868,002298.SZ,20150422,21.19,21.19,21.19,21.19,19.26,1.93,10.02,5419.35,11483.6027
867,002298.SZ,20150423,23.31,23.31,20.51,20.64,21.19,-0.55,-2.6,969462.29,2091678.1562
866,002298.SZ,20150424,20.38,21.3,20.12,20.84,20.64,0.2,0.97,616637.21,1281637.9055
865,002298.SZ,20150427,20.79,20.97,19.98,19.98,20.84,-0.86,-4.13,407779.94,834228.1208
864,002298.SZ,20150428,19.69,19.8,18.61,19.09,19.98,-0.89,-4.45,365736.12,700330.3728
863,002298.SZ,20150429,19.29,19.77,19.08,19.43,19.09,0.34,1.78,244449.28,475585.2288
862,002298.SZ,20150430,19.3,20.35,19.22,19.8,19.43,0.37,1.9,238873.3,474935.2398
861,002298.SZ,20150504,19.9,20.69,19.69,20.04,19.8,0.24,1.21,219321.81,443351.8905
860,002298.SZ,20150505,19.6,19.85,18.39,18.64,20.04,-1.4,-6.99,268951.89,514271.0925
859,002298.SZ,20150506,18.79,19.47,18.51,18.67,18.64,0.03,0.16,166698.03,317801.3648
858,002298.SZ,20150507,18.8,19.25,18.62,18.7,18.67,0.03,0.16,127604.71,241991.5878
857,002298.SZ,20150508,18.95,20.25,18.81,19.97,18.7,1.27,6.79,212248.97,414965.2152
856,002298.SZ,20150511,20.03,21.97,19.9,21.97,19.97,2.0,10.02,409179.39,876471.6701
855,002298.SZ,20150512,22.85,24.09,22.56,23.46,21.97,1.49,6.78,505095.25,1174917.2076
854,002298.SZ,20150513,23.0,25.81,22.8,25.81,23.46,2.35,10.02,500164.25,1249515.9284
853,002298.SZ,20150514,26.06,27.75,24.77,26.65,25.81,0.84,3.25,496857.7,1295095.4941
852,002298.SZ,20150515,26.0,26.97,25.28,26.13,26.65,-0.52,-1.95,246768.57,642902.326
851,002298.SZ,20150518,25.91,28.6,25.73,27.62,26.13,1.49,5.7,303719.62,827391.0569
850,002298.SZ,20150519,27.06,27.9,26.08,27.68,27.62,0.06,0.22,232606.3,626070.4627
849,002298.SZ,20150520,27.37,29.42,27.1,27.4,27.68,-0.28,-1.01,222714.72,626758.2283
848,002298.SZ,20150521,27.01,28.2,26.5,28.05,27.4,0.65,2.37,220189.15,602106.7293
847,002298.SZ,20150522,28.28,28.8,26.76,27.75,28.05,-0.3,-1.07,250441.23,686242.2079
846,002298.SZ,20150525,26.8,28.88,26.8,28.33,27.75,0.58,2.09,224730.88,628859.7994
845,002298.SZ,20150526,28.55,31.16,28.55,31.16,28.33,2.83,9.99,165574.14,502136.7927
844,002298.SZ,20150527,33.33,34.28,32.8,33.99,31.16,2.83,9.08,424677.06,1439859.4602
843,002298.SZ,20150528,32.96,34.8,32.7,33.5,33.99,-0.49,-1.44,343320.66,1155758.8305
842,002298.SZ,20150529,33.51,35.88,31.01,35.17,33.5,1.67,4.99,253526.5,858333.4129
841,002298.SZ,20150601,35.52,37.0,34.5,36.32,35.17,1.15,3.27,207674.26,742793.5204
840,002298.SZ,20150602,37.21,39.95,36.5,39.95,36.32,3.63,9.99,229921.15,882004.0269
839,002298.SZ,20150603,40.5,40.88,37.5,38.8,39.95,-1.15,-2.88,209864.67,811964.9828
838,002298.SZ,20150604,37.85,40.59,36.8,39.6,38.8,0.8,2.06,209807.83,819428.1464
837,002298.SZ,20150605,40.0,41.05,36.79,36.89,39.6,-2.71,-6.84,240324.23,922944.208
836,002298.SZ,20150608,35.56,36.78,33.47,34.99,36.89,-1.9,-5.15,195151.07,682019.3793
835,002298.SZ,20150609,34.56,35.8,33.85,34.45,34.99,-0.54,-1.54,141567.17,490190.4835
834,002298.SZ,20150610,34.01,35.51,33.58,35.5,34.45,1.05,3.05,151320.23,525291.7634
833,002298.SZ,20150611,35.0,35.48,34.3,34.8,35.5,-0.7,-1.97,111765.31,388408.3405
832,002298.SZ,20150612,34.8,37.66,34.61,36.55,34.8,1.75,5.03,156561.95,565644.7454
831,002298.SZ,20150615,36.15,36.77,34.0,35.7,36.55,-0.85,-2.33,145239.88,513435.4659
830,002298.SZ,20150616,34.8,35.01,32.48,32.9,35.7,-2.8,-7.84,134959.29,451115.0468
829,002298.SZ,20150617,33.23,34.6,31.05,33.79,32.9,0.89,2.71,121803.1,398201.9395
828,002298.SZ,20150618,33.9,34.8,32.0,32.3,33.79,-1.49,-4.41,71320.23,240026.5331
827,002298.SZ,20150619,31.38,32.2,29.07,29.07,32.3,-3.23,-10.0,95590.19,286315.1172
826,002298.SZ,20150623,29.0,29.68,26.16,27.0,29.07,-2.07,-7.12,128943.78,352257.3334
825,002298.SZ,20150624,27.58,29.07,27.1,28.16,27.0,1.16,4.3,109956.76,305880.9052
824,002298.SZ,20150702,25.34,25.34,25.34,25.34,28.16,-2.82,-10.01,6491.0,16448.194
823,002298.SZ,20150703,22.81,22.81,22.81,22.81,25.34,-2.53,-9.98,2358.0,5378.598
822,002298.SZ,20150706,21.6,24.99,20.53,20.53,22.81,-2.28,-10.0,244891.92,530070.0151
821,002298.SZ,20150714,22.58,22.58,21.62,22.58,20.53,2.05,9.99,246473.82,555880.5206
820,002298.SZ,20150715,22.58,22.58,20.32,20.32,22.58,-2.26,-10.01,155692.08,325500.2938
819,002298.SZ,20150716,18.29,20.23,18.29,20.19,20.32,-0.13,-0.64,755788.45,1407199.5754
818,002298.SZ,20150717,19.44,22.21,18.96,21.3,20.19,1.11,5.5,520805.47,1058270.6294
817,002298.SZ,20150720,21.68,23.28,21.15,22.77,21.3,1.47,6.9,531108.2,1184179.7101
816,002298.SZ,20150721,22.0,22.81,21.55,22.26,22.77,-0.51,-2.24,418091.97,924122.67
815,002298.SZ,20150722,22.1,23.31,21.79,22.76,22.26,0.5,2.25,373179.93,841940.5375
814,002298.SZ,20150723,22.92,23.76,22.13,23.55,22.76,0.79,3.47,418837.1,965828.5585
813,002298.SZ,20150724,23.65,25.3,23.0,23.5,23.55,-0.05,-0.21,472172.66,1126143.7104
812,002298.SZ,20150727,22.45,23.47,21.15,21.15,23.5,-2.35,-10.0,299207.01,667909.8353
811,002298.SZ,20150728,19.04,20.79,19.04,19.04,21.15,-2.11,-9.98,349576.47,671116.2928
810,002298.SZ,20150729,19.18,19.49,17.14,18.95,19.04,-0.09,-0.47,563005.53,1002784.5939
809,002298.SZ,20150730,18.19,18.64,17.06,17.06,18.95,-1.89,-9.97,408850.08,736834.2463
808,002298.SZ,20150731,16.08,16.98,15.45,15.99,17.06,-1.07,-6.27,324242.17,526771.9544
807,002298.SZ,20150803,16.15,17.0,15.8,16.19,15.99,0.2,1.25,297371.54,488116.487
806,002298.SZ,20150804,16.06,17.81,16.06,17.69,16.19,1.5,9.27,313075.47,532067.0123
805,002298.SZ,20150805,17.6,17.86,16.6,16.72,17.69,-0.97,-5.48,325502.18,562210.9215
804,002298.SZ,20150806,16.11,18.3,16.0,17.68,16.72,0.96,5.74,397674.9,689079.3303
803,002298.SZ,20150807,17.7,19.07,17.7,18.92,17.68,1.24,7.01,406242.12,751649.4102
802,002298.SZ,20150810,19.28,20.46,18.5,20.11,18.92,1.19,6.29,396383.43,767742.4248
801,002298.SZ,20150811,19.87,21.2,19.71,20.3,20.11,0.19,0.94,368921.83,755712.2996
800,002298.SZ,20150812,19.98,20.68,18.88,18.98,20.3,-1.32,-6.5,306465.75,605609.9929
799,002298.SZ,20150813,18.72,20.01,18.51,19.99,18.98,1.01,5.32,250866.67,480737.9372
798,002298.SZ,20150814,20.15,20.7,19.82,20.0,19.99,0.01,0.05,237487.75,480925.9272
797,002298.SZ,20150817,19.92,20.22,19.15,20.1,20.0,0.1,0.5,233082.35,459906.7211
796,002298.SZ,20150818,20.25,20.98,18.09,18.09,20.1,-2.01,-10.0,317190.22,628584.7253
795,002298.SZ,20150819,17.22,18.42,16.28,18.12,18.09,0.03,0.17,297982.07,513767.0304
794,002298.SZ,20150820,18.2,19.93,18.0,19.93,18.12,1.81,9.99,361446.17,708965.4601
793,002298.SZ,20150821,19.96,20.66,18.2,19.15,19.93,-0.78,-3.91,659765.25,1304547.7771
792,002298.SZ,20150824,17.33,17.68,17.24,17.24,19.15,-1.91,-9.97,154693.09,268328.7191
791,002298.SZ,20150825,15.52,15.52,15.52,15.52,17.24,-1.72,-9.98,22300.0,34609.6
790,002298.SZ,20150826,13.97,15.38,13.97,13.97,15.52,-1.55,-9.99,530199.86,756665.7878
789,002298.SZ,20150827,14.2,14.49,12.57,13.21,13.97,-0.76,-5.44,414707.58,550069.7902
788,002298.SZ,20150828,13.61,14.53,13.21,14.53,13.21,1.32,9.99,383308.75,529796.6331
787,002298.SZ,20150831,14.3,14.3,13.08,13.08,14.53,-1.45,-9.98,370554.07,500610.9097
786,002298.SZ,20150901,13.0,13.0,11.77,11.77,13.08,-1.31,-10.02,235890.67,282283.0641
785,002298.SZ,20150902,10.81,12.15,10.59,10.59,11.77,-1.18,-10.03,344860.08,384604.5069
784,002298.SZ,20150907,10.95,11.59,10.81,11.01,10.59,0.42,3.97,255356.65,284300.9806
783,002298.SZ,20150908,11.01,12.11,10.9,12.06,11.01,1.05,9.54,302023.01,347704.9312
782,002298.SZ,20150909,12.25,13.2,12.11,13.11,12.06,1.05,8.71,406393.9,509857.3197
781,002298.SZ,20150910,12.69,13.0,12.3,12.3,13.11,-0.81,-6.18,263421.87,333419.754
780,002298.SZ,20150911,12.22,12.84,12.17,12.49,12.3,0.19,1.54,243733.13,303623.812
779,002298.SZ,20150914,12.55,12.6,11.24,11.24,12.49,-1.25,-10.01,208048.18,246152.2569
778,002298.SZ,20150915,10.81,10.82,10.12,10.12,11.24,-1.12,-9.96,234695.21,243690.4049
777,002298.SZ,20150916,10.25,11.13,10.12,11.13,10.12,1.01,9.98,268206.41,284017.9778
776,002298.SZ,20150917,11.3,12.19,11.02,11.05,11.13,-0.08,-0.72,378640.44,434459.1037
775,002298.SZ,20150918,11.25,11.38,10.84,11.22,11.05,0.17,1.54,231624.66,257706.0669
774,002298.SZ,20150921,10.92,12.34,10.86,12.34,11.22,1.12,9.98,338344.5,395349.2689
773,002298.SZ,20150922,12.6,12.69,12.01,12.34,12.34,0.0,0.0,308976.56,382049.5644
772,002298.SZ,20150923,12.2,13.24,12.12,12.48,12.34,0.14,1.13,362551.2,460496.6599
771,002298.SZ,20150924,12.6,13.16,12.47,12.7,12.48,0.22,1.76,323372.87,412917.4831
770,002298.SZ,20150925,13.2,13.58,12.32,12.69,12.7,-0.01,-0.08,435321.6,564730.9357
769,002298.SZ,20150928,12.47,13.1,12.11,13.08,12.69,0.39,3.07,328078.11,416060.5619
768,002298.SZ,20150929,12.69,12.78,12.1,12.28,13.08,-0.8,-6.12,246524.05,307404.0243
767,002298.SZ,20150930,12.45,12.55,12.12,12.29,12.28,0.01,0.08,140602.55,173551.514
766,002298.SZ,20151008,12.8,13.25,12.56,13.13,12.29,0.84,6.83,277570.45,359281.9106
765,002298.SZ,20151009,13.05,13.78,12.88,13.54,13.13,0.41,3.12,319202.33,423390.4473
764,002298.SZ,20151012,13.58,14.54,13.43,14.28,13.54,0.74,5.47,335705.62,473556.5234
763,002298.SZ,20151013,14.38,14.8,14.21,14.59,14.28,0.31,2.17,289194.13,419798.5607
762,002298.SZ,20151014,16.05,16.05,16.05,16.05,14.59,1.46,10.01,72172.48,115836.8304
761,002298.SZ,20151015,16.4,17.05,16.2,16.77,16.05,0.72,4.49,599005.4,991782.4272
760,002298.SZ,20151016,16.5,17.5,16.25,16.7,16.77,-0.07,-0.42,534556.36,898158.7921
759,002298.SZ,20151019,17.0,17.76,16.75,17.46,16.7,0.76,4.55,527669.39,907305.5674
758,002298.SZ,20151020,17.2,17.23,16.62,17.13,17.46,-0.33,-1.89,351545.26,597379.2902
757,002298.SZ,20151021,17.0,17.11,15.42,15.42,17.13,-1.71,-9.98,394605.87,639212.089
756,002298.SZ,20151022,14.9,15.98,14.9,15.88,15.42,0.46,2.98,386180.39,596783.6342
755,002298.SZ,20151023,15.87,16.75,15.63,16.6,15.88,0.72,4.53,374998.05,604286.3139
754,002298.SZ,20151026,16.63,17.73,14.94,17.4,16.6,0.8,4.82,462070.2,792722.9859
753,002298.SZ,20151027,17.68,17.69,16.28,17.25,17.4,-0.15,-0.86,352926.23,600260.9436
752,002298.SZ,20151028,16.99,17.17,16.01,16.16,17.25,-1.09,-6.32,260709.78,436744.4909
751,002298.SZ,20151029,16.35,16.62,15.91,16.44,16.16,0.28,1.73,187610.66,306272.6588
750,002298.SZ,20151030,16.41,16.86,15.65,16.35,16.44,-0.09,-0.55,246370.05,401774.0525
749,002298.SZ,20151102,15.8,16.19,15.3,15.35,16.35,-1.0,-6.12,185309.15,292972.7538
748,002298.SZ,20151103,15.4,15.9,15.31,15.5,15.35,0.15,0.98,171351.44,268310.9995
747,002298.SZ,20151104,15.7,16.9,15.58,16.65,15.5,1.15,7.42,241852.3,390190.8207
746,002298.SZ,20151105,16.51,16.8,16.12,16.52,16.65,-0.13,-0.78,255044.06,420500.2387
745,002298.SZ,20151106,16.6,17.53,16.53,17.2,16.52,0.68,4.12,299219.9,509645.538
744,002298.SZ,20151109,16.9,17.9,16.51,17.58,17.2,0.38,2.21,371605.97,641328.2111
743,002298.SZ,20151110,17.85,18.7,17.65,17.73,17.58,0.15,0.85,362198.9,656011.2144
742,002298.SZ,20151111,17.66,18.46,17.56,18.29,17.73,0.56,3.16,305121.78,547715.9272
741,002298.SZ,20151112,18.15,19.1,18.01,18.99,18.29,0.7,3.83,382686.91,711059.6617
740,002298.SZ,20151113,18.6,18.97,17.73,18.2,18.99,-0.79,-4.16,305979.04,564015.8361
739,002298.SZ,20151116,20.02,20.02,19.85,20.02,18.2,1.82,10.0,483653.74,968086.2567
738,002298.SZ,20151117,20.02,21.29,19.89,20.72,20.02,0.7,3.5,796440.77,1634942.5023
737,002298.SZ,20151118,20.3,20.58,18.7,18.95,20.72,-1.77,-8.54,420952.58,831690.0734
736,002298.SZ,20151119,18.95,19.96,18.62,19.9,18.95,0.95,5.01,358831.04,695956.2742
735,002298.SZ,20151120,19.9,20.8,19.51,20.18,19.9,0.28,1.41,428282.17,863124.789
734,002298.SZ,20151123,20.45,20.49,19.19,19.4,20.18,-0.78,-3.87,269970.85,534091.0745
733,002298.SZ,20151124,19.45,19.57,18.72,19.25,19.4,-0.15,-0.77,175380.65,334090.2707
732,002298.SZ,20151125,19.42,20.08,19.38,19.83,19.25,0.58,3.01,207379.67,409605.4727
731,002298.SZ,20151126,19.81,19.97,19.4,19.46,19.83,-0.37,-1.87,199708.64,391542.8062
730,002298.SZ,20151127,19.02,19.34,17.51,17.51,19.46,-1.95,-10.02,246825.8,455875.2417
729,002298.SZ,20151130,17.45,17.6,16.0,16.92,17.51,-0.59,-3.37,279765.37,466633.7059
728,002298.SZ,20151201,16.79,17.3,16.56,16.95,16.92,0.03,0.18,169297.05,287025.2777
727,002298.SZ,20151202,17.05,17.18,15.71,16.47,16.95,-0.48,-2.83,142186.68,234633.7455
726,002298.SZ,20151203,16.7,17.19,16.55,17.19,16.47,0.72,4.37,128973.85,218528.0328
725,002298.SZ,20151204,17.21,17.73,17.04,17.34,17.19,0.15,0.87,160489.87,279064.2291
724,002298.SZ,20151207,17.29,17.58,17.03,17.58,17.34,0.24,1.38,115429.99,200199.291
723,002298.SZ,20151208,17.4,17.48,16.77,16.94,17.58,-0.64,-3.64,142244.37,243242.6271
722,002298.SZ,20151209,17.6,18.63,17.43,17.53,16.94,0.59,3.48,350125.8,630474.3824
721,002298.SZ,20151210,16.88,17.15,16.51,16.62,17.53,-0.91,-5.19,224232.28,377934.3118
720,002298.SZ,20151211,16.62,17.1,16.25,16.69,16.62,0.07,0.42,128509.88,214401.7668
719,002298.SZ,20151214,16.38,17.1,16.3,17.1,16.69,0.41,2.46,107311.03,179664.067
718,002298.SZ,20151222,18.81,18.81,18.81,18.81,17.1,1.71,10.0,10470.46,19694.9353
717,002298.SZ,20151223,20.21,20.21,19.12,19.34,18.81,0.53,2.82,474752.14,933132.381
716,002298.SZ,20151224,19.03,20.8,19.03,20.13,19.34,0.79,4.08,431649.29,867752.6657
715,002298.SZ,20151225,20.9,21.5,20.11,20.18,20.13,0.05,0.25,378938.21,784504.5976
714,002298.SZ,20151228,20.5,20.58,19.0,19.16,20.18,-1.02,-5.05,273802.48,539607.5977
713,002298.SZ,20151229,19.15,19.85,18.89,19.81,19.16,0.65,3.39,212071.39,413481.1056
712,002298.SZ,20151230,19.86,19.89,19.45,19.62,19.81,-0.19,-0.96,165551.7,325896.2125
711,002298.SZ,20151231,19.55,19.98,19.2,19.21,19.62,-0.41,-2.09,125491.77,245559.0004
710,002298.SZ,20160104,19.0,19.08,17.29,17.29,19.21,-1.92,-9.99,149071.94,267806.7297
709,002298.SZ,20160105,16.15,17.23,15.8,16.62,17.29,-0.67,-3.88,183740.12,304953.9209
708,002298.SZ,20160106,16.95,17.17,16.32,17.1,16.62,0.48,2.89,144752.96,243604.8881
707,002298.SZ,20160107,16.6,16.62,15.39,15.39,17.1,-1.71,-10.0,38428.55,61300.6914
706,002298.SZ,20160108,15.8,15.98,14.26,15.01,15.39,-0.38,-2.47,160561.82,245447.4888
705,002298.SZ,20160111,14.68,14.76,13.51,13.51,15.01,-1.5,-9.99,149034.28,210279.1587
704,002298.SZ,20160112,13.45,13.82,13.08,13.51,13.51,0.0,0.0,130842.97,176859.1318
703,002298.SZ,20160113,13.59,13.77,12.57,12.57,13.51,-0.94,-6.96,111399.81,148484.4326
702,002298.SZ,20160114,12.12,13.13,11.92,13.08,12.57,0.51,4.06,170481.65,214228.6958
701,002298.SZ,20160115,12.9,13.08,12.0,12.16,13.08,-0.92,-7.03,150249.36,188761.9387
700,002298.SZ,20160118,11.95,12.99,11.85,12.71,12.16,0.55,4.52,200686.16,252466.0785
699,002298.SZ,20160119,12.64,13.8,12.55,13.6,12.71,0.89,7.0,204746.94,269483.4257
698,002298.SZ,20160120,13.48,13.99,13.28,13.75,13.6,0.15,1.1,258023.46,351303.2814
697,002298.SZ,20160121,13.55,13.99,12.98,13.01,13.75,-0.74,-5.38,191261.89,258419.142
696,002298.SZ,20160122,13.29,13.57,12.69,13.43,13.01,0.42,3.23,148220.5,195919.5926
695,002298.SZ,20160125,13.78,14.6,13.77,14.12,13.43,0.69,5.14,252657.01,357386.6044
694,002298.SZ,20160126,13.95,14.15,12.75,12.83,14.12,-1.29,-9.14,220160.6,299903.405
693,002298.SZ,20160127,12.98,13.3,11.9,13.22,12.83,0.39,3.04,223044.9,281064.3451
692,002298.SZ,20160128,12.9,13.16,12.02,12.29,13.22,-0.93,-7.03,155879.06,199086.5461
691,002298.SZ,20160129,12.38,13.28,12.16,13.03,12.29,0.74,6.02,171538.31,219904.1571
690,002298.SZ,20160201,12.96,13.18,12.4,12.72,13.03,-0.31,-2.38,157477.7,202374.0078
689,002298.SZ,20160202,12.69,13.5,12.6,13.36,12.72,0.64,5.03,173309.39,229426.7049
688,002298.SZ,20160203,13.12,14.07,12.95,13.88,13.36,0.52,3.89,225933.93,304457.6918
687,002298.SZ,20160204,13.94,14.18,13.8,14.06,13.88,0.18,1.3,203922.09,285582.0137
686,002298.SZ,20160205,14.1,14.2,13.73,13.73,14.06,-0.33,-2.35,111231.1,154723.3701
685,002298.SZ,20160215,12.94,13.71,12.9,13.5,13.73,-0.23,-1.68,110036.15,146555.0335
684,002298.SZ,20160216,13.67,14.36,13.67,14.22,13.5,0.72,5.33,170996.82,241093.5192
683,002298.SZ,20160217,14.13,14.57,14.02,14.49,14.22,0.27,1.9,222799.37,319002.8752
682,002298.SZ,20160218,14.67,14.69,14.31,14.36,14.49,-0.13,-0.9,182924.9,265274.2868
681,002298.SZ,20160219,14.4,14.46,14.18,14.38,14.36,0.02,0.14,128089.01,183504.6498
680,002298.SZ,20160222,14.52,15.5,14.45,15.09,14.38,0.71,4.94,289999.3,429708.0417
679,002298.SZ,20160223,15.05,15.6,14.75,15.42,15.09,0.33,2.19,285061.91,429843.4278
678,002298.SZ,20160224,15.33,15.38,14.72,15.2,15.42,-0.22,-1.43,201556.77,304195.9349
677,002298.SZ,20160225,15.37,15.5,13.68,13.68,15.2,-1.52,-10.0,233541.91,338192.0713
676,002298.SZ,20160226,13.8,14.06,13.18,13.73,13.68,0.05,0.37,167764.89,230851.8024
675,002298.SZ,20160229,13.53,13.58,12.36,12.4,13.73,-1.33,-9.69,159554.19,202509.0823
674,002298.SZ,20160301,12.49,12.59,11.4,12.39,12.4,-0.01,-0.08,281249.52,339351.8151
673,002298.SZ,20160302,12.18,13.19,12.17,13.05,12.39,0.66,5.33,220152.99,277692.1294
672,002298.SZ,20160303,13.0,14.36,12.94,14.36,13.05,1.31,10.04,352941.65,482055.5607
671,002298.SZ,20160304,14.3,14.45,13.1,13.1,14.36,-1.26,-8.77,347122.95,479276.2543
670,002298.SZ,20160307,13.29,13.74,13.18,13.47,13.1,0.37,2.82,185421.32,249435.8332
669,002298.SZ,20160308,13.3,14.16,12.51,14.09,13.47,0.62,4.6,279801.22,374486.4595
668,002298.SZ,20160309,13.3,13.7,13.1,13.26,14.09,-0.83,-5.89,195922.93,263202.4931
667,002298.SZ,20160310,13.3,13.49,12.8,12.89,13.26,-0.37,-2.79,131584.82,172401.5239
666,002298.SZ,20160311,12.7,12.93,12.49,12.66,12.89,-0.23,-1.78,115840.04,146672.0158
665,002298.SZ,20160314,12.9,13.49,12.88,13.23,12.66,0.57,4.5,159889.57,212406.6873
664,002298.SZ,20160315,13.12,13.54,13.12,13.21,13.23,-0.02,-0.15,145599.65,194522.3592
663,002298.SZ,20160316,13.42,13.47,12.71,12.82,13.21,-0.39,-2.95,149619.88,194520.3367
662,002298.SZ,20160317,13.04,13.5,12.9,13.4,12.82,0.58,4.52,219893.55,291968.9676
661,002298.SZ,20160318,13.56,14.2,13.46,14.06,13.4,0.66,4.93,276375.97,384770.8452
660,002298.SZ,20160321,14.36,14.49,14.04,14.43,14.06,0.37,2.63,291846.98,416638.2205
659,002298.SZ,20160322,14.24,14.89,14.18,14.43,14.43,0.0,0.0,303723.03,442650.8525
658,002298.SZ,20160323,15.2,15.8,14.7,14.87,14.43,0.44,3.05,448726.31,675131.5938
657,002298.SZ,20160324,14.51,14.8,14.31,14.36,14.87,-0.51,-3.43,277603.21,403707.2925
656,002298.SZ,20160325,14.25,14.6,14.23,14.6,14.36,0.24,1.67,168534.61,242919.196
655,002298.SZ,20160328,14.78,14.86,14.2,14.31,14.6,-0.29,-1.99,193144.94,281569.3865
654,002298.SZ,20160329,14.31,14.37,13.75,14.09,14.31,-0.22,-1.54,164856.0,231263.9496
653,002298.SZ,20160330,14.24,14.68,14.16,14.68,14.09,0.59,4.19,197387.06,284290.5033
652,002298.SZ,20160331,14.81,15.19,14.53,15.18,14.68,0.5,3.41,291411.27,432664.739
651,002298.SZ,20160401,15.09,15.09,14.5,14.79,15.18,-0.39,-2.57,262733.43,389311.1375
650,002298.SZ,20160405,14.78,15.48,14.62,15.4,14.79,0.61,4.12,294258.3,443382.9612
649,002298.SZ,20160406,15.2,15.4,15.02,15.24,15.4,-0.16,-1.04,229321.47,349024.9488
648,002298.SZ,20160407,15.26,15.36,14.77,14.85,15.24,-0.39,-2.56,252149.38,379596.7183
647,002298.SZ,20160408,14.65,14.99,14.51,14.83,14.85,-0.02,-0.13,199177.74,293217.0742
646,002298.SZ,20160411,14.78,15.29,14.67,15.19,14.83,0.36,2.43,276365.5,415571.922
645,002298.SZ,20160412,15.07,15.19,14.61,14.89,15.19,-0.3,-1.98,184755.11,274587.7772
644,002298.SZ,20160413,14.97,15.37,14.91,15.0,14.89,0.11,0.74,227589.9,344789.0992
643,002298.SZ,20160414,15.27,15.29,14.95,15.18,15.0,0.18,1.2,162409.61,245551.6599
642,002298.SZ,20160415,15.25,15.29,15.03,15.2,15.18,0.02,0.13,160495.29,243515.5511
641,002298.SZ,20160418,15.1,15.1,14.71,14.97,15.2,-0.23,-1.51,179630.28,267316.7074
640,002298.SZ,20160419,15.04,16.47,15.04,16.47,14.97,1.5,10.02,678877.54,1080370.1712
639,002298.SZ,20160420,16.1,16.4,15.15,16.02,16.47,-0.45,-2.73,658067.75,1047098.5037
638,002298.SZ,20160421,15.77,16.6,15.42,16.09,16.02,0.07,0.44,543675.94,873655.0853
637,002298.SZ,20160422,15.75,17.3,15.6,16.82,16.09,0.73,4.54,596070.39,997266.0773
636,002298.SZ,20160425,16.79,17.28,16.5,16.55,16.82,-0.27,-1.61,480626.94,811834.5504
635,002298.SZ,20160426,16.31,17.24,16.09,17.2,16.55,0.65,3.93,371973.61,612943.7015
634,002298.SZ,20160427,17.02,17.57,16.76,16.82,17.2,-0.38,-2.21,367204.24,628539.7348
633,002298.SZ,20160428,16.9,16.95,16.28,16.8,16.82,-0.02,-0.12,266091.64,442046.215
632,002298.SZ,20160429,16.92,17.29,16.56,16.62,16.77,-0.15,-0.89,293916.69,498471.4283
631,002298.SZ,20160503,16.47,17.26,16.19,17.24,16.62,0.62,3.73,360823.63,606271.0384
630,002298.SZ,20160504,17.05,17.24,16.86,16.89,17.24,-0.35,-2.03,292522.22,497876.8831
629,002298.SZ,20160505,16.81,17.5,16.7,17.2,16.89,0.31,1.84,264310.45,450894.3211
628,002298.SZ,20160506,17.2,17.55,16.01,16.08,17.2,-1.12,-6.51,377696.38,635127.6059
627,002298.SZ,20160509,15.73,15.73,14.74,14.88,16.08,-1.2,-7.46,246472.05,373455.9938
626,002298.SZ,20160510,14.85,15.08,14.77,14.88,14.88,0.0,0.0,148522.03,221785.6189
625,002298.SZ,20160511,15.02,15.18,14.15,14.23,14.88,-0.65,-4.37,165845.47,244070.289
624,002298.SZ,20160512,13.94,14.35,13.65,14.35,14.23,0.12,0.84,158898.97,221712.7458
623,002298.SZ,20160513,14.21,14.63,14.06,14.11,14.35,-0.24,-1.67,154223.04,221220.01
622,002298.SZ,20160516,14.15,14.54,14.01,14.54,14.11,0.43,3.05,131866.38,188170.9232
621,002298.SZ,20160517,14.5,14.9,14.33,14.54,14.54,0.0,0.0,190969.28,279589.5681
620,002298.SZ,20160518,14.29,14.36,13.4,13.7,14.54,-0.84,-5.78,171495.64,238666.8135
619,002298.SZ,20160519,13.75,14.25,13.75,13.85,13.7,0.15,1.09,132047.0,184567.8336
618,002298.SZ,20160520,13.58,14.2,13.52,14.13,13.85,0.28,2.02,115984.74,161337.2536
617,002298.SZ,20160523,14.24,14.55,14.15,14.46,14.13,0.33,2.34,153135.2,220532.0549
616,002298.SZ,20160524,14.49,14.61,14.16,14.48,14.46,0.02,0.14,163343.16,235517.3801
615,002298.SZ,20160525,14.65,14.72,14.25,14.44,14.48,-0.04,-0.28,139974.77,202872.671
614,002298.SZ,20160526,14.34,14.54,13.85,14.52,14.44,0.08,0.55,145478.73,206888.1792
613,002298.SZ,20160527,14.46,14.51,14.2,14.26,14.52,-0.26,-1.79,107670.12,154678.0693
612,002298.SZ,20160530,14.01,14.28,13.9,14.06,14.26,-0.2,-1.4,80896.18,113901.7811
611,002298.SZ,20160531,14.09,14.76,14.06,14.7,14.06,0.64,4.55,192799.65,281082.2176
610,002298.SZ,20160601,14.75,15.37,14.75,14.98,14.7,0.28,1.9,215201.35,325177.7029
609,002298.SZ,20160602,15.1,15.44,14.9,15.43,14.98,0.45,3.0,192507.49,291987.7652
608,002298.SZ,20160603,15.52,15.9,15.28,15.67,15.43,0.24,1.56,231397.35,359140.844
607,002298.SZ,20160606,15.68,15.7,15.31,15.48,15.67,-0.19,-1.21,146945.07,227931.2271
606,002298.SZ,20160607,15.38,15.66,15.38,15.48,15.48,0.0,0.0,119445.95,185164.4031
605,002298.SZ,20160608,15.55,15.87,15.32,15.71,15.48,0.23,1.49,190384.25,298208.2606
604,002298.SZ,20160613,15.82,16.38,14.72,14.72,15.71,-0.99,-6.3,315693.45,499137.3842
603,002298.SZ,20160614,14.36,14.77,14.28,14.71,14.72,-0.01,-0.07,167301.27,242856.6626
602,002298.SZ,20160615,14.38,15.7,14.01,15.58,14.71,0.87,5.91,228358.49,347666.9086
601,002298.SZ,20160616,15.6,16.28,15.59,15.94,15.58,0.36,2.31,330221.59,527358.5144
600,002298.SZ,20160617,15.83,16.1,15.43,15.66,15.94,-0.28,-1.76,241585.14,381393.316
599,002298.SZ,20160620,15.73,15.87,15.36,15.75,15.66,0.09,0.57,172094.36,268919.0998
598,002298.SZ,20160621,15.89,16.06,15.28,15.38,15.75,-0.37,-2.35,183354.27,288234.0949
597,002298.SZ,20160622,15.25,15.78,15.2,15.77,15.38,0.39,2.54,166021.71,256429.8635
596,002298.SZ,20160623,15.8,16.5,15.75,16.12,15.77,0.35,2.22,323832.6,523238.7196
595,002298.SZ,20160624,16.08,16.23,14.89,15.8,16.12,-0.32,-1.99,269691.04,425826.6797
594,002298.SZ,20160627,15.6,16.37,15.6,16.3,15.8,0.5,3.16,227748.77,367302.6123
593,002298.SZ,20160628,16.3,16.94,16.18,16.45,16.3,0.15,0.92,310118.73,514939.6168
592,002298.SZ,20160629,16.7,16.8,16.35,16.45,16.45,0.0,0.0,168849.78,278238.1941
591,002298.SZ,20160630,16.5,16.59,16.21,16.5,16.45,0.05,0.3,150149.7,245673.3462
590,002298.SZ,20160701,16.48,16.6,16.14,16.25,16.5,-0.25,-1.52,124279.12,203202.9407
589,002298.SZ,20160704,16.17,16.7,16.12,16.69,16.25,0.44,2.71,187994.27,310480.3427
588,002298.SZ,20160705,16.74,16.75,16.36,16.57,16.69,-0.12,-0.72,170218.65,281627.874
587,002298.SZ,20160706,16.57,16.75,16.44,16.75,16.57,0.18,1.09,176939.46,293576.1408
586,002298.SZ,20160707,16.69,17.14,16.31,16.88,16.75,0.13,0.78,225027.48,376922.6248
585,002298.SZ,20160708,16.81,16.85,16.45,16.56,16.88,-0.32,-1.9,137086.93,228052.3841
584,002298.SZ,20160711,16.59,16.93,16.4,16.42,16.56,-0.14,-0.85,155374.4,259538.4537
583,002298.SZ,20160712,16.45,16.68,16.1,16.64,16.42,0.22,1.34,161818.51,265479.9571
582,002298.SZ,20160713,16.75,16.8,16.5,16.64,16.64,0.0,0.0,137370.32,228792.4817
581,002298.SZ,20160714,16.7,16.93,16.6,16.73,16.64,0.09,0.54,149385.6,250231.7672
580,002298.SZ,20160715,17.0,17.1,16.68,16.86,16.73,0.13,0.78,188705.69,319284.8335
579,002298.SZ,20160718,16.79,16.95,16.62,16.79,16.86,-0.07,-0.42,130281.55,219045.5622
578,002298.SZ,20160719,16.79,17.15,16.7,17.15,16.79,0.36,2.14,162851.43,275412.0209
577,002298.SZ,20160720,17.15,17.28,17.01,17.03,17.15,-0.12,-0.7,131794.2,225534.6356
576,002298.SZ,20160721,17.0,17.15,16.81,16.95,17.03,-0.08,-0.47,139182.09,236352.2522
575,002298.SZ,20160722,16.88,17.03,16.7,16.75,16.95,-0.2,-1.18,119902.61,201920.1451
574,002298.SZ,20160725,16.83,17.35,16.8,17.14,16.75,0.39,2.33,193762.27,332084.579
573,002298.SZ,20160726,17.12,18.0,17.05,17.99,17.14,0.85,4.96,331661.5,584539.9342
572,002298.SZ,20160727,17.96,18.49,16.55,17.26,17.99,-0.73,-4.06,427911.75,753874.4752
571,002298.SZ,20160728,17.5,17.65,16.7,16.91,17.26,-0.35,-2.03,374874.04,645589.122
570,002298.SZ,20160729,16.77,16.8,15.94,15.98,16.91,-0.93,-5.5,292887.5,475098.5747
569,002298.SZ,20160801,15.81,15.85,15.26,15.55,15.98,-0.43,-2.69,150898.46,233567.833
568,002298.SZ,20160802,15.61,15.8,15.49,15.78,15.55,0.23,1.48,95340.99,149147.9047
567,002298.SZ,20160803,15.68,15.84,15.5,15.6,15.78,-0.18,-1.14,116744.07,182785.1477
566,002298.SZ,20160804,15.6,15.84,15.6,15.8,15.6,0.2,1.28,111383.49,175417.9369
565,002298.SZ,20160805,15.73,15.97,15.72,15.75,15.8,-0.05,-0.32,105741.35,167529.6274
564,002298.SZ,20160808,15.74,15.9,15.36,15.9,15.75,0.15,0.95,97400.96,153000.7473
563,002298.SZ,20160809,15.9,16.15,15.81,16.11,15.9,0.21,1.32,134107.09,213874.634
562,002298.SZ,20160810,16.06,16.19,15.86,15.89,16.11,-0.22,-1.37,102732.0,164222.9411
561,002298.SZ,20160811,15.8,15.94,15.33,15.41,15.89,-0.48,-3.02,128790.67,201329.1207
560,002298.SZ,20160812,15.48,15.66,15.4,15.65,15.41,0.24,1.56,88493.14,137417.8803
559,002298.SZ,20160815,15.65,16.15,15.47,16.02,15.65,0.37,2.36,153617.56,243745.7318
558,002298.SZ,20160816,16.07,16.12,15.94,16.03,16.02,0.01,0.06,121115.86,193998.3828
557,002298.SZ,20160817,16.05,16.27,16.0,16.05,16.03,0.02,0.12,120149.88,193659.8832
556,002298.SZ,20160818,16.06,16.08,15.81,15.86,16.05,-0.19,-1.18,118240.94,188323.2851
555,002298.SZ,20160819,15.91,16.04,15.83,16.0,15.86,0.14,0.88,89078.69,142257.59
554,002298.SZ,20160822,16.15,16.58,16.0,16.34,16.0,0.34,2.13,226462.76,370257.2282
553,002298.SZ,20160823,16.41,16.87,16.14,16.27,16.34,-0.07,-0.43,213723.99,353012.3698
552,002298.SZ,20160824,16.36,17.39,16.36,16.92,16.27,0.65,4.0,334611.4,564131.878
551,002298.SZ,20160825,16.8,16.86,16.41,16.74,16.92,-0.18,-1.06,219812.52,365221.9193
550,002298.SZ,20160826,16.8,16.81,16.48,16.54,16.74,-0.2,-1.19,194465.78,322843.2702
549,002298.SZ,20160829,16.46,16.61,16.21,16.37,16.54,-0.17,-1.03,134303.54,220282.0204
548,002298.SZ,20160830,16.48,16.93,16.37,16.85,16.37,0.48,2.93,189020.53,316365.2108
547,002298.SZ,20160831,16.85,16.85,16.52,16.68,16.85,-0.17,-1.01,113537.4,188975.6959
546,002298.SZ,20160901,16.7,16.95,16.45,16.46,16.68,-0.22,-1.32,121288.09,202115.0138
545,002298.SZ,20160902,16.36,16.48,15.92,16.05,16.46,-0.41,-2.49,122852.07,199294.7358
544,002298.SZ,20160905,16.14,16.18,15.86,15.88,16.05,-0.17,-1.06,107449.19,171647.5433
543,002298.SZ,20160906,15.85,16.15,15.72,16.14,15.88,0.26,1.64,108851.55,173644.8591
542,002298.SZ,20160907,16.12,16.3,16.0,16.02,16.14,-0.12,-0.74,90615.05,146368.4339
541,002298.SZ,20160908,15.96,16.14,15.92,16.05,16.02,0.03,0.19,61905.46,99192.3389
540,002298.SZ,20160909,16.08,16.12,15.85,15.86,16.05,-0.19,-1.18,71855.16,115067.9953
539,002298.SZ,20160912,15.56,15.56,14.96,14.96,15.86,-0.9,-5.67,117890.24,180138.0884
538,002298.SZ,20160913,15.1,15.18,14.94,15.04,14.96,0.08,0.53,58732.24,88344.019
537,002298.SZ,20160914,15.01,15.12,14.91,15.02,15.04,-0.02,-0.13,44247.35,66450.3464
536,002298.SZ,20160919,15.06,15.23,15.06,15.17,15.02,0.15,1.0,43411.06,65691.7618
535,002298.SZ,20160920,15.12,15.21,15.04,15.08,15.17,-0.09,-0.59,39195.07,59333.8844
534,002298.SZ,20160921,15.12,15.19,15.07,15.12,15.08,0.04,0.27,37382.18,56536.0007
533,002298.SZ,20160922,15.27,15.3,15.05,15.09,15.12,-0.03,-0.2,51802.06,78579.2211
532,002298.SZ,20160923,15.09,15.2,15.01,15.02,15.09,-0.07,-0.46,43164.31,65145.4125
531,002298.SZ,20160926,15.0,15.02,14.38,14.4,15.02,-0.62,-4.13,86390.96,126669.8586
530,002298.SZ,20160927,14.37,14.62,14.36,14.62,14.4,0.22,1.53,49368.41,71630.4612
529,002298.SZ,20160928,14.62,14.65,14.51,14.52,14.62,-0.1,-0.68,26941.12,39230.0488
528,002298.SZ,20160929,14.58,14.7,14.55,14.6,14.52,0.08,0.55,38661.12,56541.3407
527,002298.SZ,20160930,14.61,14.87,14.61,14.85,14.6,0.25,1.71,46549.17,68706.37
526,002298.SZ,20161010,15.04,15.35,14.91,15.3,14.85,0.45,3.03,86375.48,131296.146
525,002298.SZ,20161011,15.51,15.55,15.34,15.36,15.3,0.06,0.39,89509.95,138218.0042
524,002298.SZ,20161012,15.32,15.7,15.23,15.64,15.36,0.28,1.82,88862.15,137891.8232
523,002298.SZ,20161013,15.9,15.96,15.57,15.58,15.64,-0.06,-0.38,79765.48,125378.9616
522,002298.SZ,20161014,15.48,15.58,15.3,15.45,15.58,-0.13,-0.83,58258.35,89753.5805
521,002298.SZ,20161017,15.49,15.57,15.35,15.37,15.45,-0.08,-0.52,63874.79,98700.6023
520,002298.SZ,20161018,15.43,15.72,15.41,15.69,15.37,0.32,2.08,75455.31,117696.96
519,002298.SZ,20161019,15.71,15.78,15.53,15.6,15.69,-0.09,-0.57,46517.24,72722.2202
518,002298.SZ,20161020,15.61,15.75,15.59,15.67,15.6,0.07,0.45,45156.86,70675.9961
517,002298.SZ,20161021,15.67,15.76,15.54,15.69,15.67,0.02,0.13,68012.48,106447.8201
516,002298.SZ,20161024,15.72,15.82,15.66,15.73,15.69,0.04,0.25,65554.11,103160.2277
515,002298.SZ,20161025,15.74,15.74,15.5,15.54,15.73,-0.19,-1.21,55124.23,85977.9753
514,002298.SZ,20161026,15.6,15.6,15.35,15.39,15.54,-0.15,-0.97,59120.42,91035.0243
513,002298.SZ,20161027,15.41,15.45,15.31,15.36,15.39,-0.03,-0.19,41463.0,63718.9372
512,002298.SZ,20161028,15.36,15.43,15.26,15.27,15.36,-0.09,-0.59,37177.72,57042.6132
511,002298.SZ,20161031,15.22,15.22,14.98,15.11,15.27,-0.16,-1.05,43130.33,65013.115
510,002298.SZ,20161101,15.13,15.26,15.05,15.24,15.11,0.13,0.86,45341.72,68760.432
509,002298.SZ,20161102,15.19,15.19,14.94,14.97,15.24,-0.27,-1.77,62170.95,93454.576
508,002298.SZ,20161103,14.91,15.17,14.91,15.05,14.97,0.08,0.53,59977.87,90368.049
507,002298.SZ,20161104,15.0,15.13,14.98,15.13,15.05,0.08,0.53,55032.01,82995.987
506,002298.SZ,20161107,15.12,15.13,14.92,14.96,15.13,-0.17,-1.12,49174.48,73798.122
505,002298.SZ,20161108,15.03,15.4,15.0,15.25,14.96,0.29,1.94,69494.98,105440.065
504,002298.SZ,20161109,15.21,15.37,14.9,15.17,15.25,-0.08,-0.52,86027.4,130115.117
503,002298.SZ,20161110,15.29,15.48,15.23,15.33,15.17,0.16,1.05,66883.04,102733.292
502,002298.SZ,20161111,15.33,15.39,15.09,15.37,15.33,0.04,0.26,61366.84,93655.455
501,002298.SZ,20161114,15.37,15.46,15.18,15.25,15.37,-0.12,-0.78,75282.93,115263.21
500,002298.SZ,20161115,15.23,15.36,15.18,15.34,15.25,0.09,0.59,53057.25,81081.356
499,002298.SZ,20161116,15.38,15.5,15.36,15.38,15.34,0.04,0.26,61008.92,94114.174
498,002298.SZ,20161117,15.41,15.44,15.16,15.23,15.38,-0.15,-0.98,47369.26,72262.181
497,002298.SZ,20161118,15.23,15.26,15.04,15.06,15.23,-0.17,-1.12,54623.93,82743.144
496,002298.SZ,20161121,15.0,15.13,14.95,15.07,15.06,0.01,0.07,51756.56,77842.845
495,002298.SZ,20161122,15.08,15.14,15.01,15.12,15.07,0.05,0.33,45108.66,67980.155
494,002298.SZ,20161123,15.14,15.17,15.02,15.04,15.12,-0.08,-0.53,45622.16,68818.014
493,002298.SZ,20161124,15.03,15.08,14.91,14.95,15.04,-0.09,-0.6,51578.7,77291.854
492,002298.SZ,20161125,14.94,15.0,14.65,14.91,14.95,-0.04,-0.27,60739.29,89916.756
491,002298.SZ,20161128,15.0,15.05,14.87,14.99,14.91,0.08,0.54,42950.41,64223.915
490,002298.SZ,20161129,15.0,15.11,14.87,14.91,14.99,-0.08,-0.53,53439.56,80282.507
489,002298.SZ,20161130,14.89,15.05,14.8,14.91,14.91,0.0,0.0,42745.5,63812.562
488,002298.SZ,20161201,14.96,15.06,14.88,15.06,14.91,0.15,1.01,42854.1,64262.012
487,002298.SZ,20161202,15.06,15.07,14.61,14.61,15.06,-0.45,-2.99,61336.25,90871.239
486,002298.SZ,20161205,14.53,14.74,14.46,14.64,14.61,0.03,0.21,30513.95,44570.419
485,002298.SZ,20161206,14.65,14.72,14.61,14.65,14.64,0.01,0.07,20262.85,29689.644
484,002298.SZ,20161207,14.57,14.78,14.57,14.78,14.65,0.13,0.89,29439.0,43227.923
483,002298.SZ,20161208,14.77,14.78,14.5,14.53,14.78,-0.25,-1.69,25407.77,37192.041
482,002298.SZ,20161209,14.51,14.68,14.5,14.56,14.53,0.03,0.21,25637.49,37321.915
481,002298.SZ,20161212,14.56,14.56,13.61,13.62,14.56,-0.94,-6.46,78004.09,109550.628
480,002298.SZ,20161213,13.6,13.74,13.48,13.67,13.62,0.05,0.37,50299.44,68526.292
479,002298.SZ,20161214,13.67,13.93,13.67,13.82,13.67,0.15,1.1,56801.0,78573.534
478,002298.SZ,20161215,13.71,14.08,13.67,13.85,13.82,0.03,0.22,54612.3,75716.52
477,002298.SZ,20161216,13.85,13.93,13.7,13.81,13.85,-0.04,-0.29,39248.12,54241.346
476,002298.SZ,20161219,13.81,13.96,13.8,13.95,13.81,0.14,1.01,41295.74,57448.137
475,002298.SZ,20161220,14.02,14.02,13.83,13.89,13.95,-0.06,-0.43,24924.27,34692.985
474,002298.SZ,20161221,13.96,14.15,13.89,13.98,13.89,0.09,0.65,39554.5,55327.517
473,002298.SZ,20161222,14.08,14.99,13.9,14.77,13.98,0.79,5.65,158346.91,231177.794
472,002298.SZ,20161223,14.59,14.65,14.18,14.18,14.77,-0.59,-3.99,98456.25,141482.151
471,002298.SZ,20161226,14.05,14.09,13.63,14.06,14.18,-0.12,-0.85,46035.64,64066.181
470,002298.SZ,20161227,14.04,14.06,13.86,13.89,14.06,-0.17,-1.21,40880.17,56946.029
469,002298.SZ,20161228,13.85,14.18,13.85,13.94,13.89,0.05,0.36,49670.68,69526.168
468,002298.SZ,20161229,13.94,14.11,13.91,13.99,13.94,0.05,0.36,37526.0,52630.989
467,002298.SZ,20161230,13.98,13.98,13.74,13.81,13.99,-0.18,-1.29,68114.21,94104.861
466,002298.SZ,20170103,13.81,13.96,13.8,13.91,13.81,0.1,0.72,35541.0,49405.985
465,002298.SZ,20170104,13.94,14.05,13.88,14.02,13.91,0.11,0.79,45018.54,62944.701
464,002298.SZ,20170105,14.0,14.09,13.99,14.01,14.02,-0.01,-0.07,41556.77,58313.522
463,002298.SZ,20170106,13.97,14.16,13.94,14.03,14.01,0.02,0.14,41910.28,58855.311
462,002298.SZ,20170109,13.99,14.07,13.93,14.04,14.03,0.01,0.07,35701.62,49986.974
461,002298.SZ,20170110,14.03,14.12,13.98,14.04,14.04,0.0,0.0,35659.24,50143.23
460,002298.SZ,20170111,14.0,14.04,13.74,13.74,14.04,-0.3,-2.14,43381.95,60167.381
459,002298.SZ,20170112,13.76,13.88,13.58,13.61,13.74,-0.13,-0.95,32843.51,44939.311
458,002298.SZ,20170113,13.61,13.65,13.3,13.44,13.61,-0.17,-1.25,39512.89,53387.045
457,002298.SZ,20170116,13.45,13.45,12.2,12.72,13.44,-0.72,-5.36,61416.29,79201.825
456,002298.SZ,20170117,12.6,12.93,12.5,12.9,12.72,0.18,1.42,31772.45,40556.548
455,002298.SZ,20170118,12.89,12.93,12.56,12.62,12.9,-0.28,-2.17,42888.78,54553.992
454,002298.SZ,20170119,12.52,12.65,12.44,12.48,12.62,-0.14,-1.11,34716.48,43460.766
453,002298.SZ,20170120,12.58,12.79,12.48,12.74,12.48,0.26,2.08,31806.53,40396.934
452,002298.SZ,20170123,12.71,12.95,12.71,12.91,12.74,0.17,1.33,48990.05,62989.593
451,002298.SZ,20170124,12.86,12.89,12.71,12.78,12.91,-0.13,-1.01,32379.1,41418.608
450,002298.SZ,20170125,12.76,12.9,12.71,12.86,12.78,0.08,0.63,23503.19,30201.249
449,002298.SZ,20170126,12.92,13.0,12.88,13.0,12.86,0.14,1.09,22532.75,29223.894
448,002298.SZ,20170203,13.0,13.11,12.81,12.86,13.0,-0.14,-1.08,28191.04,36309.858
447,002298.SZ,20170206,12.89,12.99,12.83,12.99,12.86,0.13,1.01,38365.56,49603.361
446,002298.SZ,20170207,12.99,12.99,12.79,12.92,12.99,-0.07,-0.54,45858.5,59051.399
445,002298.SZ,20170208,12.86,13.04,12.72,13.02,12.92,0.1,0.77,53080.77,68497.905
444,002298.SZ,20170209,13.0,13.24,12.95,13.18,13.02,0.16,1.23,63863.8,83893.51
443,002298.SZ,20170210,13.19,13.39,13.11,13.17,13.18,-0.01,-0.08,65022.44,86290.373
442,002298.SZ,20170213,13.17,13.35,13.12,13.3,13.17,0.13,0.99,40466.26,53684.649
441,002298.SZ,20170214,13.29,13.51,13.25,13.34,13.3,0.04,0.3,47361.17,63405.215
440,002298.SZ,20170215,13.3,13.35,13.02,13.05,13.34,-0.29,-2.17,41409.93,54651.537
439,002298.SZ,20170216,13.09,13.18,12.98,13.12,13.05,0.07,0.54,27582.25,36112.77
438,002298.SZ,20170217,13.12,13.17,12.91,12.92,13.12,-0.2,-1.52,36775.19,47910.869
437,002298.SZ,20170220,12.92,13.25,12.92,13.18,12.92,0.26,2.01,44520.22,58212.905
436,002298.SZ,20170221,13.18,13.55,13.16,13.35,13.18,0.17,1.29,68495.48,91673.349
435,002298.SZ,20170222,13.3,13.37,13.18,13.31,13.35,-0.04,-0.3,40775.88,54090.648
434,002298.SZ,20170223,13.33,13.46,13.31,13.41,13.31,0.1,0.75,55520.81,74301.844
433,002298.SZ,20170224,13.4,13.5,13.32,13.48,13.41,0.07,0.52,45885.75,61644.181
432,002298.SZ,20170227,13.46,13.48,13.26,13.3,13.48,-0.18,-1.34,38639.97,51639.913
431,002298.SZ,20170228,13.28,13.38,13.26,13.33,13.3,0.03,0.23,29295.82,39006.283
430,002298.SZ,20170301,13.3,13.39,13.28,13.36,13.33,0.03,0.23,39025.29,52086.859
429,002298.SZ,20170302,13.39,13.47,13.22,13.25,13.36,-0.11,-0.82,42910.54,57250.822
428,002298.SZ,20170303,13.23,13.44,13.2,13.41,13.25,0.16,1.21,43913.11,58512.947
427,002298.SZ,20170306,13.47,13.56,13.38,13.56,13.41,0.15,1.12,58499.88,78768.199
426,002298.SZ,20170307,13.56,13.71,13.47,13.66,13.56,0.1,0.74,62024.55,84276.673
425,002298.SZ,20170308,13.65,13.68,13.42,13.47,13.66,-0.19,-1.39,40417.42,54662.142
424,002298.SZ,20170309,13.46,13.56,13.3,13.55,13.47,0.08,0.59,56540.53,76299.831
423,002298.SZ,20170310,13.56,13.59,13.4,13.42,13.55,-0.13,-0.96,36131.69,48605.911
422,002298.SZ,20170313,13.4,13.45,13.24,13.41,13.42,-0.01,-0.07,54235.83,72527.45
421,002298.SZ,20170314,13.4,13.45,13.27,13.31,13.41,-0.1,-0.75,48193.88,64403.371
420,002298.SZ,20170315,13.3,13.31,13.06,13.08,13.31,-0.23,-1.73,66779.71,87702.7
419,002298.SZ,20170316,13.1,13.26,13.1,13.17,13.08,0.09,0.69,49195.99,64902.384
418,002298.SZ,20170317,13.22,13.39,13.18,13.21,13.17,0.04,0.3,66816.34,88883.092
417,002298.SZ,20170320,13.19,13.34,13.01,13.33,13.21,0.12,0.91,43939.9,58059.203
416,002298.SZ,20170321,13.33,13.34,13.22,13.25,13.33,-0.08,-0.6,29450.99,39057.351
415,002298.SZ,20170322,13.19,13.26,13.01,13.07,13.25,-0.18,-1.36,44346.65,58123.559
414,002298.SZ,20170323,13.13,13.17,12.85,12.95,13.07,-0.12,-0.92,45335.66,58985.86
413,002298.SZ,20170324,12.93,13.06,12.91,13.02,12.95,0.07,0.54,34223.78,44417.8
412,002298.SZ,20170327,12.98,13.05,12.89,12.91,13.02,-0.11,-0.84,35312.15,45695.564
411,002298.SZ,20170328,12.9,12.97,12.7,12.76,12.91,-0.15,-1.16,50406.11,64346.208
410,002298.SZ,20170329,12.74,12.81,12.66,12.7,12.76,-0.06,-0.47,39095.84,49799.043
409,002298.SZ,20170330,12.7,12.73,12.45,12.47,12.7,-0.23,-1.81,51952.88,65085.226
408,002298.SZ,20170331,12.49,12.56,12.46,12.52,12.47,0.05,0.4,30591.83,38269.535
407,002298.SZ,20170405,12.51,12.81,12.51,12.77,12.52,0.25,2.0,43608.48,55468.281
406,002298.SZ,20170406,12.8,12.96,12.73,12.9,12.77,0.13,1.02,47068.18,60585.757
405,002298.SZ,20170407,12.98,13.1,12.81,12.94,12.9,0.04,0.31,49359.86,63825.37
404,002298.SZ,20170410,12.92,13.0,12.76,12.78,12.94,-0.16,-1.24,36760.15,47276.423
403,002298.SZ,20170411,12.76,12.94,12.68,12.9,12.78,0.12,0.94,40923.63,52474.598
402,002298.SZ,20170412,12.85,13.4,12.77,13.09,12.9,0.19,1.47,80311.48,104571.001
401,002298.SZ,20170413,13.0,13.06,12.93,13.0,13.09,-0.09,-0.69,43790.79,56884.161
400,002298.SZ,20170414,12.99,12.99,12.66,12.66,13.0,-0.34,-2.62,48732.57,62091.095
399,002298.SZ,20170417,12.66,12.66,12.22,12.41,12.66,-0.25,-1.97,35684.72,44589.555
398,002298.SZ,20170418,12.32,12.49,12.19,12.2,12.41,-0.21,-1.69,34183.59,42130.785
397,002298.SZ,20170419,12.22,12.22,11.87,12.02,12.2,-0.18,-1.48,44465.54,53340.318
396,002298.SZ,20170420,12.0,12.11,11.81,11.92,12.02,-0.1,-0.83,30452.03,36390.418
395,002298.SZ,20170421,11.93,12.01,11.9,11.91,11.92,-0.01,-0.08,19675.41,23495.051
394,002298.SZ,20170424,11.89,11.94,11.51,11.58,11.91,-0.33,-2.77,29920.2,34858.206
393,002298.SZ,20170425,11.66,11.81,11.62,11.62,11.58,0.04,0.35,26709.72,31223.328
392,002298.SZ,20170426,11.48,11.67,11.14,11.32,11.62,-0.3,-2.58,60598.5,68555.217
391,002298.SZ,20170427,11.24,11.41,10.9,11.32,11.32,0.0,0.0,55241.4,61483.008
390,002298.SZ,20170428,11.25,11.38,11.19,11.33,11.32,0.01,0.09,32438.75,36636.79
389,002298.SZ,20170502,11.33,11.36,11.18,11.21,11.33,-0.12,-1.06,27051.28,30412.388
388,002298.SZ,20170503,11.17,11.25,11.03,11.14,11.21,-0.07,-0.62,27253.72,30405.681
387,002298.SZ,20170504,11.05,11.25,11.01,11.13,11.14,-0.01,-0.09,26282.12,29324.987
386,002298.SZ,20170505,11.13,11.13,10.91,10.91,11.13,-0.22,-1.98,26874.93,29665.988
385,002298.SZ,20170508,10.89,10.95,10.79,10.81,10.91,-0.1,-0.92,26528.67,28842.22
384,002298.SZ,20170509,10.82,11.04,10.77,11.0,10.81,0.19,1.76,26615.85,29102.947
383,002298.SZ,20170510,11.02,11.35,11.01,11.14,11.0,0.14,1.27,78111.76,87241.457
382,002298.SZ,20170511,11.14,11.6,10.93,11.46,11.14,0.32,2.87,119792.18,135438.409
381,002298.SZ,20170512,11.3,11.45,11.15,11.3,11.46,-0.16,-1.4,71376.03,80699.415
380,002298.SZ,20170515,11.46,11.65,11.27,11.4,11.3,0.1,0.89,59934.66,68740.731
379,002298.SZ,20170516,11.34,11.66,11.03,11.65,11.4,0.25,2.19,83394.26,94852.465
378,002298.SZ,20170517,11.65,12.48,11.49,11.9,11.65,0.25,2.15,123146.61,145886.868
377,002298.SZ,20170518,11.88,11.89,11.42,11.44,11.9,-0.46,-3.87,75554.88,87808.181
376,002298.SZ,20170519,11.5,11.55,11.27,11.35,11.44,-0.09,-0.79,41120.6,46728.503
375,002298.SZ,20170522,11.25,11.36,10.91,10.99,11.35,-0.36,-3.17,41619.13,46371.918
374,002298.SZ,20170523,11.09,11.19,10.8,10.81,10.99,-0.18,-1.64,36376.03,39852.34
373,002298.SZ,20170524,10.74,10.8,10.42,10.72,10.81,-0.09,-0.83,36654.96,38950.463
372,002298.SZ,20170525,10.69,11.05,10.62,10.98,10.72,0.26,2.43,41351.14,44763.747
371,002298.SZ,20170526,11.06,11.13,10.99,11.03,10.98,0.05,0.46,31709.58,35079.749
370,002298.SZ,20170531,11.14,11.23,10.86,10.87,11.03,-0.16,-1.45,26216.67,28893.428
369,002298.SZ,20170601,10.81,11.04,10.39,10.4,10.87,-0.47,-4.32,26052.26,27849.232
368,002298.SZ,20170602,10.42,10.73,10.21,10.64,10.4,0.24,2.31,36632.65,38385.497
367,002298.SZ,20170605,10.6,10.73,10.6,10.66,10.64,0.02,0.19,19709.37,20999.619
366,002298.SZ,20170606,10.65,10.75,10.6,10.7,10.66,0.04,0.38,17873.47,19100.907
365,002298.SZ,20170607,10.68,11.0,10.68,10.98,10.7,0.28,2.62,39333.45,42854.091
364,002298.SZ,20170608,10.98,10.99,10.83,10.87,10.98,-0.11,-1.0,28224.57,30770.641
363,002298.SZ,20170609,10.87,10.95,10.78,10.84,10.87,-0.03,-0.28,26469.41,28692.856
362,002298.SZ,20170612,10.77,10.79,10.45,10.5,10.84,-0.34,-3.14,33724.31,35896.262
361,002298.SZ,20170613,10.62,10.68,10.52,10.65,10.5,0.15,1.43,30060.03,31909.593
360,002298.SZ,20170614,10.72,10.72,10.59,10.68,10.65,0.03,0.28,23208.98,24734.658
359,002298.SZ,20170615,10.63,10.94,10.63,10.87,10.68,0.19,1.78,47741.37,51634.125
358,002298.SZ,20170616,10.92,10.95,10.76,10.82,10.87,-0.05,-0.46,27982.45,30300.668
357,002298.SZ,20170619,10.77,10.89,10.77,10.87,10.82,0.05,0.46,28887.81,31312.435
356,002298.SZ,20170620,10.9,11.07,10.86,10.91,10.87,0.04,0.37,46397.73,50846.302
355,002298.SZ,20170621,10.92,10.94,10.79,10.86,10.91,-0.05,-0.46,27663.45,30025.483
354,002298.SZ,20170622,10.92,11.09,10.81,10.85,10.86,-0.01,-0.09,69400.25,76105.818
353,002298.SZ,20170623,10.8,10.8,10.47,10.69,10.85,-0.16,-1.47,51855.22,55127.597
352,002298.SZ,20170626,10.62,10.76,10.57,10.75,10.69,0.06,0.56,33335.74,35637.646
351,002298.SZ,20170627,10.8,10.88,10.69,10.73,10.75,-0.02,-0.19,30732.08,33142.395
350,002298.SZ,20170628,10.73,10.74,10.55,10.62,10.73,-0.11,-1.03,30846.29,32764.556
349,002298.SZ,20170629,10.73,10.8,10.69,10.71,10.62,0.09,0.85,32162.63,34525.295
348,002298.SZ,20170630,10.73,10.98,10.72,10.87,10.71,0.16,1.49,47875.41,52093.804
347,002298.SZ,20170703,10.79,10.94,10.75,10.93,10.87,0.06,0.55,33628.82,36500.69
346,002298.SZ,20170704,10.94,10.95,10.83,10.88,10.93,-0.05,-0.46,24423.98,26550.098
345,002298.SZ,20170705,10.9,11.03,10.86,11.0,10.88,0.12,1.1,39126.48,42934.95
344,002298.SZ,20170706,11.04,11.08,10.86,10.98,11.0,-0.02,-0.18,37111.03,40744.461
343,002298.SZ,20170707,10.99,10.99,10.88,10.97,10.98,-0.01,-0.09,32373.69,35432.61
342,002298.SZ,20170710,10.92,11.05,10.91,11.03,10.97,0.06,0.55,46495.66,51145.611
341,002298.SZ,20170711,11.0,11.04,10.79,10.79,11.03,-0.24,-2.18,38284.35,41915.324
340,002298.SZ,20170712,10.76,10.8,10.49,10.59,10.79,-0.2,-1.85,45348.81,48014.15
339,002298.SZ,20170713,10.62,10.66,10.56,10.63,10.59,0.04,0.38,23104.98,24510.058
338,002298.SZ,20170714,10.59,10.61,10.45,10.51,10.59,-0.08,-0.76,22034.91,23211.002
337,002298.SZ,20170717,10.49,10.5,9.68,9.72,10.51,-0.79,-7.52,65416.9,65166.767
336,002298.SZ,20170718,9.73,9.82,9.53,9.72,9.72,0.0,0.0,36487.63,35367.606
335,002298.SZ,20170719,9.67,9.93,9.62,9.91,9.72,0.19,1.95,37968.6,37117.501
334,002298.SZ,20170720,9.92,9.97,9.84,9.86,9.91,-0.05,-0.5,29232.56,28956.427
333,002298.SZ,20170721,9.82,10.05,9.82,10.01,9.86,0.15,1.52,30932.28,30830.484
332,002298.SZ,20170724,10.01,10.01,9.86,9.95,10.01,-0.06,-0.6,20250.65,20113.616
331,002298.SZ,20170725,9.95,9.96,9.8,9.88,9.95,-0.07,-0.7,18457.39,18250.859
330,002298.SZ,20170726,9.86,9.9,9.79,9.87,9.88,-0.01,-0.1,19575.04,19264.704
329,002298.SZ,20170727,9.82,10.16,9.8,10.13,9.87,0.26,2.63,47274.33,47423.793
328,002298.SZ,20170728,10.06,10.15,10.02,10.12,10.13,-0.01,-0.1,29138.54,29360.409
327,002298.SZ,20170731,10.07,10.19,10.05,10.13,10.12,0.01,0.1,25506.18,25825.05
326,002298.SZ,20170801,10.13,10.18,10.08,10.15,10.13,0.02,0.2,23645.11,23976.319
325,002298.SZ,20170802,10.15,10.36,10.11,10.16,10.15,0.01,0.1,38086.95,39006.172
324,002298.SZ,20170803,10.13,10.35,10.11,10.26,10.16,0.1,0.98,32918.13,33785.176
323,002298.SZ,20170804,10.26,10.3,10.18,10.18,10.26,-0.08,-0.78,25526.51,26091.814
322,002298.SZ,20170807,10.11,10.3,10.1,10.24,10.18,0.06,0.59,19035.16,19428.105
321,002298.SZ,20170808,10.38,10.38,10.24,10.27,10.24,0.03,0.29,26145.11,26895.467
320,002298.SZ,20170809,10.32,10.34,10.22,10.25,10.27,-0.02,-0.19,23417.09,24035.115
319,002298.SZ,20170810,10.26,10.32,10.1,10.14,10.25,-0.11,-1.07,31915.01,32568.933
318,002298.SZ,20170811,10.06,10.21,10.05,10.09,10.14,-0.05,-0.49,30903.66,31344.977
317,002298.SZ,20170814,10.15,10.33,10.11,10.29,10.09,0.2,1.98,44753.51,45947.845
316,002298.SZ,20170815,10.29,10.47,10.28,10.36,10.29,0.07,0.68,35093.01,36413.605
315,002298.SZ,20170816,10.32,10.49,10.31,10.43,10.36,0.07,0.68,38451.93,40051.453
314,002298.SZ,20170817,10.5,10.85,10.49,10.73,10.43,0.3,2.88,83560.93,89608.655
313,002298.SZ,20170818,10.4,10.96,10.4,10.84,10.73,0.11,1.03,82247.47,88398.854
312,002298.SZ,20170821,11.92,11.92,11.8,11.92,10.84,1.08,9.96,129934.65,154864.202
311,002298.SZ,20170822,11.97,11.99,11.32,11.39,11.92,-0.53,-4.45,248533.08,289283.939
310,002298.SZ,20170823,11.33,11.41,11.01,11.16,11.39,-0.23,-2.02,128058.53,142411.832
309,002298.SZ,20170824,11.1,11.11,10.76,10.8,11.16,-0.36,-3.23,78616.04,85665.259
308,002298.SZ,20170825,10.76,10.89,10.71,10.86,10.8,0.06,0.56,55204.88,59796.417
307,002298.SZ,20170828,10.87,11.02,10.76,10.95,10.86,0.09,0.83,56752.19,61971.685
306,002298.SZ,20170829,10.89,10.89,10.66,10.69,10.95,-0.26,-2.37,62850.62,67616.568
305,002298.SZ,20170830,10.62,10.83,10.61,10.74,10.69,0.05,0.47,41970.27,45065.438
304,002298.SZ,20170831,10.7,10.78,10.69,10.75,10.74,0.01,0.09,32757.0,35173.595
303,002298.SZ,20170901,10.76,10.99,10.73,10.96,10.75,0.21,1.95,56659.49,61799.086
302,002298.SZ,20170904,11.0,11.13,10.85,11.09,10.96,0.13,1.19,58455.21,64369.798
301,002298.SZ,20170905,11.06,11.13,10.95,10.98,11.09,-0.11,-0.99,41477.91,45681.879
300,002298.SZ,20170906,10.96,11.0,10.84,11.0,10.98,0.02,0.18,46631.46,51013.127
299,002298.SZ,20170907,10.99,11.13,10.9,10.92,11.0,-0.08,-0.73,49691.99,54749.585
298,002298.SZ,20170908,10.95,10.97,10.76,10.81,10.92,-0.11,-1.01,42784.84,46372.9
297,002298.SZ,20170911,10.86,11.35,10.86,11.3,10.81,0.49,4.53,109380.22,121933.432
296,002298.SZ,20170912,11.27,11.75,11.2,11.34,11.3,0.04,0.35,152100.14,174265.907
295,002298.SZ,20170913,11.2,11.42,11.16,11.3,11.34,-0.04,-0.35,62028.79,69871.48
294,002298.SZ,20170914,11.27,11.62,11.27,11.59,11.3,0.29,2.57,110922.15,127610.23
293,002298.SZ,20170915,11.51,11.59,11.26,11.41,11.59,-0.18,-1.55,65284.32,74346.631
292,002298.SZ,20170918,11.4,11.45,11.27,11.43,11.41,0.02,0.18,47945.27,54523.856
291,002298.SZ,20170919,11.41,11.41,11.11,11.13,11.43,-0.3,-2.62,57204.73,64350.439
290,002298.SZ,20170920,11.13,11.25,11.11,11.23,11.13,0.1,0.9,35770.92,40009.279
289,002298.SZ,20170921,11.28,11.43,11.17,11.21,11.23,-0.02,-0.18,54863.92,62121.34
288,002298.SZ,20170922,11.16,11.29,11.05,11.21,11.21,0.0,0.0,47285.31,52789.398
287,002298.SZ,20170925,11.16,11.32,11.05,11.09,11.21,-0.12,-1.07,30883.43,34577.733
286,002298.SZ,20170926,11.1,11.15,10.77,10.88,11.09,-0.21,-1.89,43483.09,47433.882
285,002298.SZ,20170927,10.88,10.98,10.86,10.95,10.88,0.07,0.64,19967.89,21808.071
284,002298.SZ,20170928,10.95,11.05,10.85,10.88,10.95,-0.07,-0.64,28401.61,31081.401
283,002298.SZ,20170929,10.91,11.09,10.88,11.08,10.88,0.2,1.84,29945.6,33021.509
282,002298.SZ,20171009,11.24,11.27,11.11,11.17,11.08,0.09,0.81,34083.23,38149.06
281,002298.SZ,20171010,11.16,11.3,11.13,11.3,11.17,0.13,1.16,44425.39,49937.194
280,002298.SZ,20171011,11.36,11.36,11.15,11.15,11.3,-0.15,-1.33,40869.0,45895.923
279,002298.SZ,20171012,11.18,11.29,11.1,11.14,11.15,-0.01,-0.09,34396.01,38414.832
278,002298.SZ,20171013,11.14,11.27,11.14,11.23,11.14,0.09,0.81,29830.0,33457.84
277,002298.SZ,20171016,11.22,11.28,10.82,10.85,11.23,-0.38,-3.38,46823.02,51575.808
276,002298.SZ,20171017,10.81,10.93,10.79,10.88,10.85,0.03,0.28,22105.43,24022.21
275,002298.SZ,20171018,10.88,10.97,10.67,10.72,10.88,-0.16,-1.47,32495.39,35209.784
274,002298.SZ,20171019,10.74,10.75,10.39,10.44,10.72,-0.28,-2.61,38151.66,40109.957
273,002298.SZ,20171020,10.43,10.55,10.41,10.53,10.44,0.09,0.86,16698.65,17516.817
272,002298.SZ,20171023,10.46,10.63,10.46,10.63,10.53,0.1,0.95,20872.0,22074.094
271,002298.SZ,20171024,10.6,10.62,10.44,10.51,10.63,-0.12,-1.13,17998.37,18950.583
270,002298.SZ,20171025,10.8,11.15,10.8,10.83,10.51,0.32,3.04,67650.87,73885.877
269,002298.SZ,20171026,10.88,10.94,10.68,10.8,10.83,-0.03,-0.28,41479.04,44692.723
268,002298.SZ,20171027,10.8,10.92,10.7,10.73,10.8,-0.07,-0.65,29220.56,31557.242
267,002298.SZ,20171030,10.7,10.76,10.3,10.33,10.73,-0.4,-3.73,34218.65,35687.505
266,002298.SZ,20171031,10.33,10.39,10.22,10.35,10.33,0.02,0.19,23199.57,23905.78
265,002298.SZ,20171101,10.4,10.4,10.28,10.29,10.35,-0.06,-0.58,22038.68,22772.243
264,002298.SZ,20171102,10.25,10.27,10.06,10.08,10.29,-0.21,-2.04,27915.05,28265.824
263,002298.SZ,20171103,10.05,10.12,9.92,10.0,10.08,-0.08,-0.79,28189.69,28244.972
262,002298.SZ,20171106,9.99,10.11,9.99,10.09,10.0,0.09,0.9,17617.68,17726.196
261,002298.SZ,20171107,10.09,10.15,10.05,10.14,10.09,0.05,0.5,20733.52,20940.024
260,002298.SZ,20171108,10.14,10.22,10.1,10.18,10.14,0.04,0.39,28521.68,29013.478
259,002298.SZ,20171109,10.2,10.33,10.13,10.28,10.18,0.1,0.98,28845.59,29543.31
258,002298.SZ,20171110,10.22,10.25,10.13,10.21,10.28,-0.07,-0.68,31939.01,32525.898
257,002298.SZ,20171113,10.16,10.2,9.99,10.03,10.21,-0.18,-1.76,39542.97,39807.782
256,002298.SZ,20171114,10.02,10.12,9.98,10.03,10.03,0.0,0.0,25914.35,26020.534
255,002298.SZ,20171115,10.0,10.08,9.96,9.97,10.03,-0.06,-0.6,23164.66,23179.151
254,002298.SZ,20171116,9.94,10.07,9.94,9.98,9.97,0.01,0.1,17874.23,17880.544
253,002298.SZ,20171117,9.98,9.99,9.55,9.56,9.98,-0.42,-4.21,43140.34,41981.035
252,002298.SZ,20171120,9.51,9.51,9.29,9.46,9.56,-0.1,-1.05,27868.8,26135.662
251,002298.SZ,20171121,9.55,9.86,9.55,9.69,9.46,0.23,2.43,44601.82,43310.196
250,002298.SZ,20171122,9.7,9.76,9.52,9.55,9.69,-0.14,-1.44,27477.46,26384.151
249,002298.SZ,20171123,9.49,9.56,9.3,9.3,9.55,-0.25,-2.62,28344.05,26697.515
248,002298.SZ,20171124,9.31,9.37,9.2,9.27,9.3,-0.03,-0.32,23913.2,22207.964
247,002298.SZ,20171127,9.28,9.4,9.2,9.22,9.27,-0.05,-0.54,23644.55,21970.489
246,002298.SZ,20171128,9.24,9.33,9.22,9.33,9.22,0.11,1.19,21702.59,20152.764
245,002298.SZ,20171129,9.31,9.34,9.16,9.29,9.33,-0.04,-0.43,25618.45,23689.443
244,002298.SZ,20171130,9.26,9.27,9.22,9.27,9.29,-0.02,-0.22,22728.61,21006.381
243,002298.SZ,20171201,9.56,9.88,9.56,9.67,9.27,0.4,4.32,96952.78,94163.636
242,002298.SZ,20171204,9.53,9.56,9.38,9.4,9.67,-0.27,-2.79,52886.79,50032.501
241,002298.SZ,20171205,9.36,9.38,9.05,9.24,9.4,-0.16,-1.7,49173.0,45325.364
240,002298.SZ,20171206,9.18,9.33,9.1,9.32,9.24,0.08,0.87,34409.23,31702.177
239,002298.SZ,20171207,9.27,9.34,9.19,9.32,9.32,0.0,0.0,29094.3,26997.425
238,002298.SZ,20171208,9.3,9.44,9.26,9.36,9.32,0.04,0.43,31939.33,29896.89
237,002298.SZ,20171211,9.35,9.56,9.32,9.51,9.36,0.15,1.6,43534.62,41371.242
236,002298.SZ,20171212,9.5,9.5,9.3,9.31,9.51,-0.2,-2.1,30714.47,28833.535
235,002298.SZ,20171213,9.3,9.39,9.28,9.35,9.31,0.04,0.43,34093.64,31771.453
234,002298.SZ,20171214,9.36,9.44,9.26,9.31,9.35,-0.04,-0.43,33618.27,31351.672
233,002298.SZ,20171215,9.31,9.32,9.22,9.28,9.31,-0.03,-0.32,25442.29,23545.814
232,002298.SZ,20171218,9.27,9.32,9.22,9.31,9.28,0.03,0.32,17869.96,16590.031
231,002298.SZ,20171219,9.3,9.42,9.28,9.35,9.31,0.04,0.43,33763.58,31510.954
230,002298.SZ,20171220,9.3,9.31,9.15,9.23,9.35,-0.12,-1.28,28039.25,25887.569
229,002298.SZ,20171221,9.19,9.23,9.05,9.23,9.23,0.0,0.0,30893.46,28231.303
228,002298.SZ,20171222,9.2,9.21,9.11,9.13,9.23,-0.1,-1.08,24817.37,22685.671
227,002298.SZ,20171225,9.07,9.13,8.86,8.88,9.13,-0.25,-2.74,33819.28,30385.02
226,002298.SZ,20171226,8.83,8.96,8.83,8.95,8.88,0.07,0.79,23701.0,21082.973
225,002298.SZ,20171227,8.89,8.93,8.83,8.86,8.95,-0.09,-1.01,18079.01,16065.952
224,002298.SZ,20171228,8.88,8.95,8.86,8.87,8.86,0.01,0.11,18324.39,16299.806
223,002298.SZ,20171229,8.85,8.98,8.85,8.98,8.87,0.11,1.24,18329.55,16335.864
222,002298.SZ,20180102,8.93,9.05,8.92,9.05,8.98,0.07,0.78,23553.01,21176.482
221,002298.SZ,20180103,9.03,9.12,9.01,9.12,9.05,0.07,0.77,39359.76,35757.043
220,002298.SZ,20180104,9.08,9.12,9.03,9.05,9.12,-0.07,-0.77,27882.97,25272.248
219,002298.SZ,20180105,9.06,9.14,9.06,9.08,9.05,0.03,0.33,32495.19,29578.85
218,002298.SZ,20180108,9.08,9.08,8.96,9.01,9.08,-0.07,-0.77,33631.32,30269.547
217,002298.SZ,20180109,9.01,9.05,8.96,9.0,9.01,-0.01,-0.11,28435.22,25595.099
216,002298.SZ,20180110,9.03,9.06,8.87,8.93,9.0,-0.07,-0.78,31194.04,27970.499
215,002298.SZ,20180111,8.9,9.25,8.86,9.24,8.93,0.31,3.47,64980.34,59351.991
214,002298.SZ,20180112,9.24,9.24,9.08,9.1,9.24,-0.14,-1.52,34965.79,31943.583
213,002298.SZ,20180115,9.07,9.09,8.71,8.78,9.1,-0.32,-3.52,43996.86,39160.405
212,002298.SZ,20180116,8.72,8.89,8.69,8.81,8.78,0.03,0.34,25317.0,22282.816
211,002298.SZ,20180117,8.79,8.88,8.65,8.81,8.81,0.0,0.0,35390.09,31024.404
210,002298.SZ,20180118,8.79,8.87,8.77,8.82,8.81,0.01,0.11,16971.51,14973.364
209,002298.SZ,20180119,8.81,8.93,8.78,8.87,8.82,0.05,0.57,25498.99,22626.679
208,002298.SZ,20180122,8.84,9.04,8.77,8.93,8.87,0.06,0.68,31838.7,28426.626
207,002298.SZ,20180123,8.9,8.98,8.87,8.94,8.93,0.01,0.11,21849.32,19490.62
206,002298.SZ,20180124,8.95,9.11,8.92,9.08,8.94,0.14,1.57,37723.03,34097.641
205,002298.SZ,20180125,9.07,9.13,9.01,9.03,9.08,-0.05,-0.55,35225.9,31950.483
204,002298.SZ,20180126,9.0,9.05,8.96,9.0,9.03,-0.03,-0.33,21642.86,19494.359
203,002298.SZ,20180129,8.94,9.03,8.78,8.84,9.0,-0.16,-1.78,27615.0,24597.778
202,002298.SZ,20180130,8.8,8.87,8.77,8.78,8.84,-0.06,-0.68,20579.0,18134.715
201,002298.SZ,20180131,8.78,8.78,8.4,8.56,8.78,-0.22,-2.51,42340.9,36362.144
200,002298.SZ,20180201,8.58,8.58,8.04,8.09,8.56,-0.47,-5.49,39499.03,32760.252
199,002298.SZ,20180202,8.09,8.19,7.92,8.09,8.09,0.0,0.0,22476.63,18135.906
198,002298.SZ,20180205,7.97,8.05,7.92,8.0,8.09,-0.09,-1.11,21886.01,17496.782
197,002298.SZ,20180206,7.78,7.83,7.23,7.23,8.0,-0.77,-9.63,55547.01,42236.913
196,002298.SZ,20180207,7.4,7.45,7.08,7.29,7.23,0.06,0.83,42030.51,30620.139
195,002298.SZ,20180208,7.27,7.48,7.25,7.43,7.29,0.14,1.92,29272.97,21673.82
194,002298.SZ,20180209,7.3,7.35,7.01,7.22,7.43,-0.21,-2.83,53329.86,38203.419
193,002298.SZ,20180212,7.23,7.45,7.23,7.38,7.22,0.16,2.22,27563.22,20287.621
192,002298.SZ,20180213,7.39,7.53,7.36,7.42,7.38,0.04,0.54,29316.0,21818.009
191,002298.SZ,20180214,7.42,7.56,7.35,7.49,7.42,0.07,0.94,28148.58,21047.742
190,002298.SZ,20180222,7.52,7.66,7.46,7.58,7.49,0.09,1.2,26282.57,19885.034
189,002298.SZ,20180223,7.6,7.61,7.52,7.56,7.58,-0.02,-0.26,21239.02,16034.493
188,002298.SZ,20180226,7.6,7.82,7.58,7.79,7.56,0.23,3.04,45792.74,35306.49
187,002298.SZ,20180227,7.74,7.89,7.72,7.79,7.79,0.0,0.0,28485.35,22199.309
186,002298.SZ,20180228,7.72,7.93,7.7,7.79,7.79,0.0,0.0,38862.49,30428.218
185,002298.SZ,20180301,7.8,8.12,7.74,8.09,7.79,0.3,3.85,58568.77,46749.247
184,002298.SZ,20180302,8.0,8.29,8.0,8.11,8.09,0.02,0.25,62538.51,51055.031
183,002298.SZ,20180305,8.15,8.16,8.02,8.15,8.11,0.04,0.49,31418.89,25429.853
182,002298.SZ,20180306,8.49,8.49,8.19,8.25,8.15,0.1,1.23,76003.1,63241.11
181,002298.SZ,20180307,8.19,8.33,8.13,8.15,8.25,-0.1,-1.21,37024.0,30436.304
180,002298.SZ,20180308,8.11,8.25,8.1,8.21,8.15,0.06,0.74,31844.5,26072.437
179,002298.SZ,20180309,8.2,8.47,8.18,8.42,8.21,0.21,2.56,61812.17,51681.587
178,002298.SZ,20180312,8.45,8.69,8.35,8.68,8.42,0.26,3.09,72485.15,62154.384
177,002298.SZ,20180313,8.65,8.67,8.51,8.54,8.68,-0.14,-1.61,51834.36,44494.994
176,002298.SZ,20180314,8.48,8.6,8.38,8.42,8.54,-0.12,-1.41,38998.0,33038.014
175,002298.SZ,20180315,8.45,8.53,8.19,8.35,8.42,-0.07,-0.83,48267.0,40453.543
174,002298.SZ,20180316,8.3,8.48,8.26,8.4,8.35,0.05,0.6,32790.88,27495.265
173,002298.SZ,20180319,8.4,8.53,8.3,8.39,8.4,-0.01,-0.12,28224.0,23720.879
172,002298.SZ,20180320,8.29,8.37,8.2,8.35,8.39,-0.04,-0.48,33265.19,27551.797
171,002298.SZ,20180321,8.32,8.53,8.32,8.35,8.35,0.0,0.0,48030.72,40519.406
170,002298.SZ,20180322,8.39,8.56,8.35,8.56,8.35,0.21,2.52,61545.83,52276.226
169,002298.SZ,20180323,8.36,8.7,7.89,8.03,8.56,-0.53,-6.19,81214.0,66553.614
168,002298.SZ,20180326,7.93,8.07,7.7,8.07,8.03,0.04,0.5,44384.73,35278.462
167,002298.SZ,20180327,8.12,8.46,8.12,8.42,8.07,0.35,4.34,63393.72,52783.842
166,002298.SZ,20180328,8.3,8.55,8.21,8.45,8.42,0.03,0.36,58075.44,48794.421
165,002298.SZ,20180329,8.47,8.57,8.41,8.52,8.45,0.07,0.83,50861.49,43153.535
164,002298.SZ,20180330,8.52,8.77,8.45,8.76,8.52,0.24,2.82,81575.09,70453.931
163,002298.SZ,20180402,8.73,8.78,8.6,8.64,8.76,-0.12,-1.37,71837.9,62318.338
162,002298.SZ,20180403,8.45,8.52,8.36,8.43,8.64,-0.21,-2.43,49228.12,41568.565
161,002298.SZ,20180404,8.47,8.54,8.25,8.26,8.43,-0.17,-2.02,40399.88,33945.935
160,002298.SZ,20180409,8.19,8.32,8.06,8.27,8.26,0.01,0.12,37955.43,31170.681
159,002298.SZ,20180410,8.26,8.27,8.01,8.18,8.27,-0.09,-1.09,49134.39,39972.269
158,002298.SZ,20180411,8.22,8.3,8.17,8.25,8.18,0.07,0.86,30803.31,25398.059
157,002298.SZ,20180412,8.21,8.31,8.21,8.25,8.25,0.0,0.0,29791.01,24625.008
156,002298.SZ,20180413,8.27,8.35,8.14,8.18,8.25,-0.07,-0.85,36105.11,29698.464
155,002298.SZ,20180416,8.11,8.24,8.07,8.14,8.18,-0.04,-0.49,32673.34,26583.844
154,002298.SZ,20180417,8.15,8.21,7.88,7.91,8.14,-0.23,-2.83,42093.11,33855.056
153,002298.SZ,20180418,8.0,8.24,7.86,8.22,7.91,0.31,3.92,48914.25,39408.662
152,002298.SZ,20180419,8.19,8.46,8.15,8.34,8.22,0.12,1.46,71808.58,59842.063
151,002298.SZ,20180420,8.3,8.55,8.26,8.37,8.34,0.03,0.36,91623.31,77184.136
150,002298.SZ,20180423,8.41,8.41,8.08,8.26,8.37,-0.11,-1.31,51941.34,43083.485
149,002298.SZ,20180424,8.25,8.61,8.17,8.59,8.26,0.33,4.0,75478.39,63692.858
148,002298.SZ,20180425,8.5,8.76,8.44,8.74,8.59,0.15,1.75,104548.76,90118.22
147,002298.SZ,20180426,8.69,8.71,8.52,8.53,8.74,-0.21,-2.4,74832.56,64449.053
146,002298.SZ,20180427,8.63,8.79,8.51,8.6,8.53,0.07,0.82,59935.43,51734.386
145,002298.SZ,20180502,8.7,8.7,8.29,8.46,8.6,-0.14,-1.63,64881.01,54914.685
144,002298.SZ,20180503,8.37,8.67,8.25,8.65,8.46,0.19,2.25,61720.53,52375.364
143,002298.SZ,20180504,8.65,8.74,8.5,8.5,8.65,-0.15,-1.73,60490.0,51950.765
142,002298.SZ,20180507,8.56,8.98,8.46,8.92,8.5,0.42,4.94,144360.43,127127.643
141,002298.SZ,20180508,8.86,8.88,8.76,8.85,8.92,-0.07,-0.78,76279.98,67229.994
140,002298.SZ,20180509,8.82,8.86,8.74,8.83,8.85,-0.02,-0.23,63580.77,55896.139
139,002298.SZ,20180510,8.84,8.84,8.68,8.8,8.83,-0.03,-0.34,55428.45,48515.054
138,002298.SZ,20180511,8.79,8.8,8.54,8.54,8.8,-0.26,-2.95,58675.1,50702.954
137,002298.SZ,20180514,8.54,8.58,8.3,8.3,8.54,-0.24,-2.81,60795.92,51206.004
136,002298.SZ,20180515,8.33,8.47,8.31,8.46,8.3,0.16,1.93,47045.36,39421.061
135,002298.SZ,20180516,8.51,8.51,8.27,8.28,8.46,-0.18,-2.13,42819.0,35835.816
134,002298.SZ,20180517,8.28,8.36,8.26,8.27,8.28,-0.01,-0.12,23314.6,19375.734
133,002298.SZ,20180518,8.29,8.36,8.21,8.35,8.27,0.08,0.97,28707.0,23777.194
132,002298.SZ,20180521,8.36,8.49,8.36,8.45,8.35,0.1,1.2,32349.32,27284.303
131,002298.SZ,20180522,8.44,8.49,8.38,8.49,8.45,0.04,0.47,32940.48,27770.768
130,002298.SZ,20180523,8.46,8.49,8.27,8.28,8.49,-0.21,-2.47,35495.99,29681.713
129,002298.SZ,20180524,8.26,8.32,8.2,8.25,8.28,-0.03,-0.36,28190.31,23235.891
128,002298.SZ,20180525,8.26,8.27,8.05,8.06,8.25,-0.19,-2.3,35339.04,28818.523
127,002298.SZ,20180528,8.11,8.14,8.0,8.04,8.06,-0.02,-0.25,25163.23,20318.275
126,002298.SZ,20180529,8.04,8.11,8.0,8.04,8.04,0.0,0.0,20006.14,16117.598
125,002298.SZ,20180530,7.92,7.96,7.63,7.68,8.04,-0.36,-4.48,37797.92,29567.424
124,002298.SZ,20180531,7.74,7.83,7.68,7.75,7.68,0.07,0.91,21363.55,16575.199
123,002298.SZ,20180601,7.68,7.77,7.6,7.66,7.75,-0.09,-1.16,23522.97,18043.423
122,002298.SZ,20180604,7.68,7.73,7.62,7.69,7.66,0.03,0.39,16057.5,12336.954
121,002298.SZ,20180605,7.75,7.86,7.75,7.86,7.69,0.17,2.21,30073.54,23516.948
120,002298.SZ,20180606,7.81,7.88,7.75,7.77,7.86,-0.09,-1.15,21342.96,16655.363
119,002298.SZ,20180607,7.86,7.89,7.74,7.77,7.77,0.0,0.0,24886.96,19407.911
118,002298.SZ,20180608,7.75,7.75,7.47,7.55,7.77,-0.22,-2.83,32271.14,24430.114
117,002298.SZ,20180611,7.54,7.71,7.5,7.65,7.55,0.1,1.32,24031.46,18267.304
116,002298.SZ,20180612,7.66,7.71,7.61,7.68,7.65,0.03,0.39,17628.15,13511.593
115,002298.SZ,20180613,7.66,7.66,7.5,7.51,7.68,-0.17,-2.21,15787.97,11939.74
114,002298.SZ,20180614,7.48,7.59,7.45,7.51,7.51,0.0,0.0,12040.0,9064.379
113,002298.SZ,20180615,7.51,7.65,7.31,7.52,7.51,0.01,0.13,35967.74,27021.012
112,002298.SZ,20180619,7.42,7.48,6.77,6.78,7.52,-0.74,-9.84,49144.88,34621.804
111,002298.SZ,20180620,6.71,6.92,6.68,6.86,6.78,0.08,1.18,25646.01,17493.64
110,002298.SZ,20180621,6.89,6.89,6.56,6.56,6.86,-0.3,-4.37,28954.0,19475.782
109,002298.SZ,20180622,6.56,6.83,6.51,6.79,6.56,0.23,3.51,30937.36,20809.256
108,002298.SZ,20180625,6.8,6.91,6.76,6.76,6.79,-0.03,-0.44,23464.0,16045.492
107,002298.SZ,20180626,6.7,6.99,6.66,6.91,6.76,0.15,2.22,26663.47,18320.062
106,002298.SZ,20180627,6.89,6.98,6.76,6.84,6.91,-0.07,-1.01,30039.47,20577.174
105,002298.SZ,20180628,6.79,6.91,6.76,6.79,6.84,-0.05,-0.73,26282.47,17978.406
104,002298.SZ,20180629,6.8,7.1,6.74,7.06,6.79,0.27,3.98,42233.99,29388.099
103,002298.SZ,20180702,7.02,7.16,6.93,7.01,7.06,-0.05,-0.71,35536.97,25056.128
102,002298.SZ,20180703,7.0,7.34,6.98,7.28,7.01,0.27,3.85,51734.17,37129.168
101,002298.SZ,20180704,7.21,7.24,6.93,7.02,7.23,-0.21,-2.9,35036.0,24800.224
100,002298.SZ,20180705,7.01,7.07,6.84,6.84,7.02,-0.18,-2.56,27849.0,19354.033
99,002298.SZ,20180706,6.82,7.1,6.82,6.94,6.84,0.1,1.46,36245.1,25184.912
98,002298.SZ,20180709,6.94,7.11,6.9,7.08,6.94,0.14,2.02,26496.49,18655.384
97,002298.SZ,20180710,7.07,7.11,7.01,7.09,7.08,0.01,0.14,20123.63,14219.082
96,002298.SZ,20180711,7.04,7.04,6.73,6.83,7.09,-0.26,-3.67,34466.95,23690.155
95,002298.SZ,20180712,6.83,7.05,6.8,7.03,6.83,0.2,2.93,29582.72,20677.85
94,002298.SZ,20180713,7.04,7.07,6.97,7.01,7.03,-0.02,-0.28,28530.97,20014.285
93,002298.SZ,20180716,7.01,7.07,6.93,7.04,7.01,0.03,0.43,21290.01,14894.92
92,002298.SZ,20180717,7.01,7.06,6.95,7.05,7.04,0.01,0.14,19307.57,13524.79
91,002298.SZ,20180718,7.04,7.13,7.0,7.01,7.05,-0.04,-0.57,24647.01,17430.708
90,002298.SZ,20180719,7.0,7.04,6.88,6.92,7.01,-0.09,-1.28,16940.0,11773.711
89,002298.SZ,20180720,6.9,7.06,6.89,7.04,6.92,0.12,1.7341,19602.0,13698.93
88,002298.SZ,20180723,7.02,7.11,6.99,7.11,7.04,0.07,0.9943,30086.87,21267.15
87,002298.SZ,20180724,7.12,7.23,7.07,7.22,7.11,0.11,1.5471,38539.43,27636.423
86,002298.SZ,20180725,7.22,7.28,7.15,7.18,7.22,-0.04,-0.554,28468.43,20467.588
85,002298.SZ,20180726,7.18,7.9,7.12,7.59,7.18,0.41,5.7103,145580.08,110419.527
84,002298.SZ,20180727,7.34,7.46,7.2,7.3,7.59,-0.29,-3.8208,93922.9,68782.657
83,002298.SZ,20180730,7.27,7.28,7.11,7.11,7.3,-0.19,-2.6027,33594.53,24131.241
82,002298.SZ,20180731,7.08,7.21,7.08,7.18,7.11,0.07,0.9845,22316.94,15977.625
81,002298.SZ,20180801,7.22,7.23,7.0,7.03,7.18,-0.15,-2.0891,23209.0,16525.936
80,002298.SZ,20180802,7.02,7.02,6.69,6.82,7.03,-0.21,-2.9872,34708.14,23734.659
79,002298.SZ,20180803,6.8,6.89,6.76,6.79,6.82,-0.03,-0.4399,16099.91,10998.36
78,002298.SZ,20180806,6.76,6.84,6.64,6.68,6.79,-0.11,-1.62,18710.0,12579.388
77,002298.SZ,20180807,6.74,6.84,6.65,6.83,6.68,0.15,2.2455,24115.52,16344.607
76,002298.SZ,20180808,6.8,6.86,6.73,6.74,6.83,-0.09,-1.3177,23736.99,16125.698
75,002298.SZ,20180809,6.76,6.95,6.69,6.9,6.74,0.16,2.3739,28728.03,19788.816
74,002298.SZ,20180810,6.87,6.95,6.85,6.93,6.9,0.03,0.4348,15420.0,10645.128
73,002298.SZ,20180813,6.85,6.98,6.81,6.94,6.93,0.01,0.1443,26394.0,18171.543
72,002298.SZ,20180814,6.93,6.96,6.85,6.87,6.94,-0.07,-1.0086,23772.85,16392.901
71,002298.SZ,20180815,6.86,6.88,6.73,6.73,6.87,-0.14,-2.0378,20806.03,14134.699
70,002298.SZ,20180816,6.67,6.74,6.52,6.64,6.73,-0.09,-1.3373,18798.23,12534.188
69,002298.SZ,20180817,6.72,6.73,6.51,6.53,6.64,-0.11,-1.6566,16081.0,10649.163
68,002298.SZ,20180820,6.55,6.62,6.5,6.62,6.53,0.09,1.3783,17401.97,11405.459
67,002298.SZ,20180821,6.6,6.72,6.57,6.67,6.62,0.05,0.7553,16636.67,11067.963
66,002298.SZ,20180822,6.62,6.65,6.54,6.54,6.67,-0.13,-1.949,14598.0,9619.852
65,002298.SZ,20180823,6.54,6.67,6.53,6.6,6.54,0.06,0.9174,19167.01,12661.266
64,002298.SZ,20180824,6.6,6.64,6.5,6.5,6.6,-0.1,-1.5152,24396.82,16038.77
63,002298.SZ,20180827,6.51,6.68,6.51,6.68,6.5,0.18,2.7692,26411.12,17490.53
62,002298.SZ,20180828,6.64,6.87,6.64,6.79,6.68,0.11,1.6467,37169.57,25194.245
61,002298.SZ,20180829,6.78,6.79,6.72,6.78,6.79,-0.01,-0.1473,20101.01,13584.961
60,002298.SZ,20180830,6.76,6.95,6.67,6.67,6.78,-0.11,-1.6224,33113.0,22513.245
59,002298.SZ,20180831,6.69,6.73,6.62,6.63,6.67,-0.04,-0.5997,15328.0,10216.976
58,002298.SZ,20180903,6.61,6.7,6.55,6.68,6.63,0.05,0.7541,17367.0,11471.507
57,002298.SZ,20180904,6.63,6.82,6.63,6.78,6.68,0.1,1.497,33564.82,22705.889
56,002298.SZ,20180905,6.79,6.89,6.73,6.76,6.78,-0.02,-0.295,37289.0,25359.16
55,002298.SZ,20180906,6.7,6.77,6.64,6.69,6.76,-0.07,-1.0355,36582.0,24581.218
54,002298.SZ,20180907,6.69,6.84,6.65,6.73,6.69,0.04,0.5979,48063.01,32427.671
53,002298.SZ,20180910,6.75,6.75,6.6,6.64,6.73,-0.09,-1.3373,34651.27,23103.706
52,002298.SZ,20180911,6.65,6.68,6.53,6.55,6.64,-0.09,-1.3554,39451.28,25966.786
51,002298.SZ,20180912,6.56,6.62,6.5,6.55,6.55,0.0,0.0,39776.01,26080.013
50,002298.SZ,20180913,6.58,6.66,6.55,6.65,6.55,0.1,1.5267,26675.05,17618.092
49,002298.SZ,20180914,6.65,6.71,6.58,6.58,6.65,-0.07,-1.0526,24159.82,16037.273
48,002298.SZ,20180917,6.58,6.59,6.51,6.52,6.58,-0.06,-0.9119,16281.83,10652.004
47,002298.SZ,20180918,6.49,6.66,6.48,6.65,6.52,0.13,1.9939,21588.0,14181.621
46,002298.SZ,20180919,6.64,6.74,6.61,6.69,6.65,0.04,0.6015,26503.02,17721.033
45,002298.SZ,20180920,6.69,6.71,6.65,6.66,6.69,-0.03,-0.4484,19241.0,12832.334
44,002298.SZ,20180921,6.68,6.73,6.63,6.72,6.66,0.06,0.9009,28203.1,18895.994
43,002298.SZ,20180925,6.67,6.72,6.66,6.7,6.72,-0.02,-0.2976,19668.1,13163.562
42,002298.SZ,20180926,6.69,6.74,6.66,6.7,6.7,0.0,0.0,28100.86,18843.706
41,002298.SZ,20180927,6.67,6.7,6.49,6.52,6.7,-0.18,-2.6866,36195.0,23822.727
40,002298.SZ,20180928,6.54,6.58,6.52,6.57,6.52,0.05,0.7669,18128.83,11875.485
39,002298.SZ,20181008,6.5,6.5,6.31,6.31,6.57,-0.26,-3.9574,26839.02,17189.453
38,002298.SZ,20181009,6.32,6.36,6.29,6.33,6.31,0.02,0.317,15924.08,10073.561
37,002298.SZ,20181010,6.33,6.36,6.27,6.29,6.33,-0.04,-0.6319,13164.0,8306.153
36,002298.SZ,20181011,6.09,6.09,5.66,5.67,6.29,-0.62,-9.8569,57869.86,33710.241
35,002298.SZ,20181012,5.66,5.68,5.27,5.54,5.67,-0.13,-2.2928,35687.98,19580.832
34,002298.SZ,20181015,5.54,5.59,5.37,5.4,5.54,-0.14,-2.5271,24512.87,13438.859
33,002298.SZ,20181016,5.4,5.45,5.24,5.3,5.4,-0.1,-1.8519,28776.25,15381.128
32,002298.SZ,20181017,5.39,5.39,5.24,5.36,5.3,0.06,1.1321,37392.26,19940.964
31,002298.SZ,20181018,5.33,5.33,5.19,5.21,5.36,-0.15,-2.7985,24444.23,12811.331
30,002298.SZ,20181019,5.28,5.57,5.25,5.55,5.21,0.34,6.5259,67645.24,36744.008
29,002298.SZ,20181022,5.49,5.92,5.46,5.78,5.55,0.23,4.1441,85624.29,48848.475
28,002298.SZ,20181023,5.8,5.97,5.75,5.8,5.78,0.02,0.346,63389.74,36905.752
27,002298.SZ,20181024,5.8,5.89,5.73,5.84,5.8,0.04,0.6897,37018.72,21550.171
26,002298.SZ,20181025,5.63,5.8,5.58,5.78,5.84,-0.06,-1.0274,34519.81,19635.562
25,002298.SZ,20181026,5.8,5.89,5.77,5.8,5.78,0.02,0.346,29323.41,17106.498
24,002298.SZ,20181029,5.82,5.85,5.71,5.73,5.8,-0.07,-1.2069,21770.33,12604.251
23,002298.SZ,20181030,5.71,5.86,5.71,5.8,5.73,0.07,1.2216,27341.8,15836.283
22,002298.SZ,20181031,5.8,5.91,5.79,5.87,5.8,0.07,1.2069,30558.39,17927.319
21,002298.SZ,20181101,5.9,6.01,5.86,5.9,5.87,0.03,0.5111,38904.81,23081.72
20,002298.SZ,20181102,5.96,6.02,5.92,6.02,5.9,0.12,2.0339,36162.01,21599.568
19,002298.SZ,20181105,6.01,6.11,5.93,6.01,6.02,-0.01,-0.1661,35815.69,21511.849
18,002298.SZ,20181106,5.98,6.02,5.9,6.01,6.01,0.0,0.0,34081.65,20330.091
17,002298.SZ,20181107,6.07,6.11,5.97,6.01,6.01,0.0,0.0,39451.95,23858.787
16,002298.SZ,20181108,6.04,6.09,5.93,5.93,6.01,-0.08,-1.3311,28927.16,17313.395
15,002298.SZ,20181109,5.91,5.99,5.9,5.92,5.93,-0.01,-0.1686,29314.03,17444.607
14,002298.SZ,20181112,5.94,6.14,5.93,6.1,5.92,0.18,3.0405,51102.55,30889.616
13,002298.SZ,20181113,6.03,6.28,6.03,6.25,6.1,0.15,2.459,54671.76,33907.774
12,002298.SZ,20181114,6.28,6.41,6.24,6.26,6.25,0.01,0.16,41385.76,26094.942
11,002298.SZ,20181115,6.25,6.36,6.24,6.33,6.26,0.07,1.1182,35279.0,22277.145
10,002298.SZ,20181116,6.34,6.45,6.33,6.4,6.33,0.07,1.1058,41761.7,26697.685
9,002298.SZ,20181119,6.36,6.45,6.36,6.45,6.4,0.05,0.7813,42443.01,27180.827
8,002298.SZ,20181120,6.4,6.65,6.27,6.29,6.45,-0.16,-2.4806,76246.08,48930.575
7,002298.SZ,20181121,6.24,6.36,6.17,6.31,6.29,0.02,0.318,40189.79,25159.391
6,002298.SZ,20181122,6.33,6.48,6.31,6.42,6.31,0.11,1.7433,39493.95,25289.393
5,002298.SZ,20181123,6.45,6.49,6.18,6.34,6.42,-0.08,-1.2461,106514.08,68026.96
4,002298.SZ,20181126,6.28,6.41,6.19,6.32,6.34,-0.02,-0.3155,39131.16,24648.719
3,002298.SZ,20181127,6.38,6.45,6.27,6.36,6.32,0.04,0.6329,37412.01,23815.016
2,002298.SZ,20181128,6.36,6.56,6.28,6.54,6.36,0.18,2.8302,68366.49,44202.712
1,002298.SZ,20181129,6.61,6.65,6.46,6.47,6.54,-0.07,-1.0703,65428.23,42946.312
0,002298.SZ,20181130,6.45,6.75,6.43,6.74,6.47,0.27,4.1731,78439.93,51897.364
19,002298.SZ,20181203,6.83,7.05,6.76,6.9,6.74,0.16,2.3739,94558.94,65454.922
18,002298.SZ,20181204,6.9,6.96,6.82,6.9,6.9,0.0,0.0,57286.19,39424.432
17,002298.SZ,20181205,6.8,6.82,6.69,6.73,6.9,-0.17,-2.4638,45536.17,30744.071
16,002298.SZ,20181206,6.7,6.78,6.64,6.69,6.73,-0.04,-0.5944,38287.68,25638.0
15,002298.SZ,20181207,6.67,6.71,6.51,6.53,6.69,-0.16,-2.3916,44607.53,29394.975
14,002298.SZ,20181210,6.53,6.62,6.5,6.51,6.53,-0.02,-0.3063,37399.04,24551.155
13,002298.SZ,20181211,6.63,6.65,6.42,6.47,6.51,-0.04,-0.6144,39166.0,25432.864
12,002298.SZ,20181212,6.47,6.52,6.4,6.4,6.47,-0.07,-1.0819,25962.0,16749.938
11,002298.SZ,20181213,6.44,6.49,6.37,6.44,6.4,0.04,0.625,33566.2,21603.312
10,002298.SZ,20181214,6.43,6.43,6.12,6.17,6.44,-0.27,-4.1925,54038.01,33807.089
9,002298.SZ,20181217,6.17,6.18,6.0,6.06,6.17,-0.11,-1.7828,37260.04,22588.951
8,002298.SZ,20181218,6.01,6.1,5.95,6.02,6.06,-0.04,-0.6601,24779.0,14944.51
7,002298.SZ,20181219,6.05,6.09,5.99,6.0,6.02,-0.02,-0.3322,18789.14,11310.41
6,002298.SZ,20181220,5.95,6.07,5.93,6.01,6.0,0.01,0.1667,20992.3,12629.349
5,002298.SZ,20181221,6.01,6.01,5.91,5.98,6.01,-0.03,-0.4992,16777.17,9997.074
4,002298.SZ,20181224,5.95,6.07,5.95,6.06,5.98,0.08,1.3378,18897.0,11382.949
3,002298.SZ,20181225,6.03,6.04,5.85,6.01,6.06,-0.05,-0.8251,26664.0,15836.868
2,002298.SZ,20181226,6.01,6.06,5.97,6.06,6.01,0.05,0.8319,23169.0,13968.262
1,002298.SZ,20181227,6.16,6.18,5.94,5.95,6.06,-0.11,-1.8152,30736.01,18619.084
0,002298.SZ,20181228,5.95,5.97,5.88,5.9,5.95,-0.05,-0.8403,16776.0,9927.936
4,002298.SZ,20190102,5.93,5.95,5.86,5.89,5.9,-0.01,-0.1695,16186.95,9522.459
3,002298.SZ,20190103,5.89,5.97,5.85,5.87,5.89,-0.02,-0.3396,16180.02,9554.886
2,002298.SZ,20190104,5.81,6.06,5.78,6.04,5.87,0.17,2.8961,31537.22,18811.866
1,002298.SZ,20190107,6.08,6.31,6.04,6.29,6.04,0.25,4.1391,47534.05,29404.863
0,002298.SZ,20190108,6.3,6.41,6.26,6.32,6.29,0.03,0.4769,46873.94,29670.51
0,002298.SZ,20190109,6.28,6.4,6.24,6.26,6.32,-0.06,-0.9494,50447.99,31983.095
3,002298.SZ,20190110,6.3,6.46,6.28,6.36,6.26,0.1,1.5974,47667.72,30441.445
2,002298.SZ,20190111,6.39,6.62,6.34,6.6,6.36,0.24,3.7736,59757.21,38945.602
1,002298.SZ,20190114,6.64,6.65,6.39,6.45,6.6,-0.15,-2.2727,51024.01,32900.865
0,002298.SZ,20190115,6.44,6.51,6.36,6.49,6.45,0.04,0.6202,40852.52,26345.881
0,002298.SZ,20190116,6.48,6.52,6.35,6.38,6.49,-0.11,-1.6949,44167.42,28382.055
0,002298.SZ,20190117,6.38,6.42,6.28,6.31,6.38,-0.07,-1.0972,30268.32,19239.55
0,002298.SZ,20190118,6.32,6.39,6.28,6.36,6.31,0.05,0.7924,22697.33,14388.492
