,ts_code,trade_date,open,high,low,close,pre_close,change,pct_chg,vol,amount
659,300505.SZ,20160315,12.3,14.76,12.3,14.76,10.25,4.51,44.0,151.0,219.801
658,300505.SZ,20160316,16.24,16.24,16.24,16.24,14.76,1.48,10.03,53.93,87.5823
657,300505.SZ,20160317,17.86,17.86,17.86,17.86,16.24,1.62,9.98,37.21,66.4571
656,300505.SZ,20160318,19.65,19.65,19.65,19.65,17.86,1.79,10.02,64.05,125.8583
655,300505.SZ,20160321,21.62,21.62,21.62,21.62,19.65,1.97,10.03,177.87,384.5549
654,300505.SZ,20160322,23.78,23.78,23.78,23.78,21.62,2.16,9.99,232.0,551.696
653,300505.SZ,20160323,26.16,26.16,26.16,26.16,23.78,2.38,10.01,256.51,671.0302
652,300505.SZ,20160324,28.78,28.78,28.78,28.78,26.16,2.62,10.02,623.59,1794.692
651,300505.SZ,20160325,31.66,31.66,31.66,31.66,28.78,2.88,10.01,1616.23,5116.9842
650,300505.SZ,20160328,34.83,34.83,34.83,34.83,31.66,3.17,10.01,3466.02,12072.1477
649,300505.SZ,20160329,38.0,38.31,35.94,38.31,34.83,3.48,9.99,155335.06,576247.0801
648,300505.SZ,20160330,36.9,39.9,36.6,39.22,38.31,0.91,2.38,128888.61,486847.3514
647,300505.SZ,20160331,38.4,39.5,37.78,38.07,39.22,-1.15,-2.93,100232.46,385694.2412
646,300505.SZ,20160401,37.61,38.67,36.77,37.93,38.07,-0.14,-0.37,72572.35,273621.9376
645,300505.SZ,20160405,37.9,40.9,37.13,40.4,37.93,2.47,6.51,95954.32,377431.0292
644,300505.SZ,20160406,39.8,40.55,39.18,39.81,40.4,-0.59,-1.46,64154.07,255351.4981
643,300505.SZ,20160407,39.43,41.39,38.85,39.75,39.81,-0.06,-0.15,90021.94,365710.6756
642,300505.SZ,20160408,39.01,41.51,37.92,41.2,39.75,1.45,3.65,107308.54,425299.0488
641,300505.SZ,20160411,40.62,45.32,40.61,45.32,41.2,4.12,10.0,110723.51,466066.2496
640,300505.SZ,20160412,44.4,48.5,43.5,43.62,45.32,-1.7,-3.75,121597.73,556793.7595
639,300505.SZ,20160413,42.9,45.4,42.53,43.25,43.62,-0.37,-0.85,80078.21,351678.276
638,300505.SZ,20160414,43.46,47.58,43.46,47.58,43.25,4.33,10.01,64656.73,299698.3496
637,300505.SZ,20160415,49.0,52.34,48.6,51.26,47.58,3.68,7.73,139788.76,710137.6716
636,300505.SZ,20160418,49.65,49.98,46.51,48.0,51.26,-3.26,-6.36,92146.65,444131.6973
635,300505.SZ,20160419,47.38,49.99,47.38,48.37,48.0,0.37,0.77,73273.55,357512.8271
634,300505.SZ,20160420,47.77,53.2,46.4,51.5,48.37,3.13,6.47,119645.78,587590.4876
633,300505.SZ,20160421,49.5,51.35,47.0,47.61,51.5,-3.89,-7.55,91974.27,452050.8222
632,300505.SZ,20160422,45.32,46.92,44.0,44.81,47.61,-2.8,-5.88,59638.11,269968.0141
631,300505.SZ,20160425,44.5,46.1,42.2,44.81,44.81,0.0,0.0,51736.47,228741.1707
630,300505.SZ,20160426,44.16,45.6,43.91,44.96,44.81,0.15,0.33,40309.46,180774.7269
629,300505.SZ,20160427,45.0,47.0,44.64,45.45,44.96,0.49,1.09,61789.56,283646.4121
628,300505.SZ,20160428,44.9,44.95,42.46,43.79,45.45,-1.66,-3.65,50188.34,218839.2832
627,300505.SZ,20160429,43.07,43.82,41.0,42.08,43.79,-1.71,-3.91,36518.83,156489.2047
626,300505.SZ,20160503,42.5,45.17,42.42,44.83,42.08,2.75,6.54,53357.45,235937.3016
625,300505.SZ,20160504,44.58,49.18,44.56,47.52,44.83,2.69,6.0,83643.75,389487.9834
624,300505.SZ,20160505,46.92,48.4,46.25,47.51,47.52,-0.01,-0.02,62406.83,295483.2452
623,300505.SZ,20160506,47.4,51.0,46.7,48.21,47.51,0.7,1.47,98915.16,479031.2332
622,300505.SZ,20160509,46.95,48.5,43.4,45.79,48.21,-2.42,-5.02,71882.71,334314.9244
621,300505.SZ,20160510,45.2,46.42,42.18,42.93,45.79,-2.86,-6.25,50575.84,222635.4531
620,300505.SZ,20160511,43.38,44.25,40.51,40.55,42.93,-2.38,-5.54,42289.36,179236.4481
619,300505.SZ,20160512,39.3,39.98,37.68,39.6,40.55,-0.95,-2.34,35155.17,137084.0029
618,300505.SZ,20160513,39.9,40.82,39.5,40.02,39.6,0.42,1.06,28893.08,115939.2894
617,300505.SZ,20160516,39.3,40.59,39.0,40.59,40.02,0.57,1.42,27155.83,108377.8215
616,300505.SZ,20160517,40.55,41.95,40.16,40.82,40.59,0.23,0.57,32924.14,135557.0705
615,300505.SZ,20160518,40.5,40.5,37.03,37.76,40.82,-3.06,-7.5,33596.8,128809.7175
614,300505.SZ,20160519,37.5,39.7,37.5,38.01,37.76,0.25,0.66,31023.03,120121.2175
613,300505.SZ,20160520,37.19,39.2,36.8,39.09,38.01,1.08,2.84,30043.69,115198.177
612,300505.SZ,20160523,39.5,42.58,39.34,40.86,39.09,1.77,4.53,40358.38,165226.4086
611,300505.SZ,20160524,40.47,41.3,39.7,40.23,40.86,-0.63,-1.54,24592.88,99429.4592
610,300505.SZ,20160525,40.32,41.5,40.01,41.05,40.23,0.82,2.04,34729.84,141442.148
609,300505.SZ,20160526,40.88,42.4,39.39,42.21,41.05,1.16,2.83,45083.91,184728.2816
608,300505.SZ,20160527,42.25,45.5,42.25,43.1,42.21,0.89,2.11,66166.23,292187.8935
607,300505.SZ,20160530,42.96,47.41,42.3,47.41,43.1,4.31,10.0,77129.82,352193.0254
606,300505.SZ,20160531,48.69,52.15,46.6,51.03,47.41,3.62,7.64,134587.44,667725.2713
605,300505.SZ,20160601,49.98,52.1,49.66,51.21,51.03,0.18,0.35,109179.27,554853.6202
604,300505.SZ,20160602,50.46,52.0,49.9,51.8,51.21,0.59,1.15,76467.15,389815.2016
603,300505.SZ,20160603,51.1,52.12,49.58,49.73,51.8,-2.07,-4.0,81706.99,414528.3182
602,300505.SZ,20160606,49.75,54.7,49.75,54.7,49.73,4.97,9.99,100909.79,533145.4228
601,300505.SZ,20160607,55.0,59.99,53.3,57.98,54.7,3.28,6.0,113413.68,639850.5296
600,300505.SZ,20160608,56.32,58.77,54.0,55.09,57.98,-2.89,-4.98,80957.73,453500.2523
599,300505.SZ,20160613,53.58,54.48,49.58,49.58,55.09,-5.51,-10.0,62634.3,323021.5963
598,300505.SZ,20160614,48.25,50.94,46.91,49.94,49.58,0.36,0.73,48815.0,240509.8009
597,300505.SZ,20160615,48.62,54.31,48.1,52.5,49.94,2.56,5.13,57291.2,299150.0054
596,300505.SZ,20160616,52.0,54.43,51.95,52.12,52.5,-0.38,-0.72,48709.45,259037.3742
595,300505.SZ,20160617,52.61,57.33,52.47,57.33,52.12,5.21,10.0,84021.47,465926.1142
594,300505.SZ,20160620,57.4,60.33,55.02,57.58,57.33,0.25,0.44,89178.69,518637.5953
593,300505.SZ,20160621,58.18,59.74,56.4,56.7,57.58,-0.88,-1.53,75940.27,439419.0559
592,300505.SZ,20160622,56.25,58.85,54.51,57.08,56.7,0.38,0.67,58878.41,335851.2869
591,300505.SZ,20160623,56.64,61.4,56.23,60.07,57.08,2.99,5.24,90406.06,537803.0029
590,300505.SZ,20160624,59.4,59.98,54.8,57.7,60.07,-2.37,-3.95,79434.75,457485.5817
589,300505.SZ,20160627,57.5,60.98,57.3,59.9,57.7,2.2,3.81,62884.71,374267.7763
588,300505.SZ,20160628,59.18,65.7,59.15,62.44,59.9,2.54,4.24,79680.63,495857.7204
587,300505.SZ,20160629,62.13,67.95,61.0,67.18,62.44,4.74,7.59,87519.81,558944.883
586,300505.SZ,20160630,62.0,64.45,60.46,60.46,67.18,-6.72,-10.0,77588.36,483327.3664
585,300505.SZ,20160701,60.99,63.59,60.6,62.22,60.46,1.76,2.91,54713.63,341103.3491
584,300505.SZ,20160704,61.6,65.36,61.08,64.84,62.22,2.62,4.21,53585.04,342599.6709
583,300505.SZ,20160705,64.84,68.86,64.74,67.0,64.84,2.16,3.33,66293.46,442860.1528
582,300505.SZ,20160706,67.0,67.0,62.6,64.42,67.0,-2.58,-3.85,58350.19,376744.4389
581,300505.SZ,20160707,63.88,65.18,62.4,64.38,64.42,-0.04,-0.06,43042.17,274352.0733
580,300505.SZ,20160708,64.4,66.59,63.8,63.8,64.38,-0.58,-0.9,44405.52,289555.4517
579,300505.SZ,20160711,63.3,63.8,57.51,57.82,63.8,-5.98,-9.37,56955.74,340433.3461
578,300505.SZ,20160712,58.66,59.55,56.22,59.49,57.82,1.67,2.89,44000.43,257653.3479
577,300505.SZ,20160713,59.6,62.02,58.1,60.46,59.49,0.97,1.63,43423.55,262205.2426
576,300505.SZ,20160714,59.89,64.96,59.88,64.36,60.46,3.9,6.45,58492.57,365357.4608
575,300505.SZ,20160715,64.1,67.85,63.55,65.27,64.36,0.91,1.41,71794.46,473376.5671
574,300505.SZ,20160718,65.2,66.55,62.3,63.98,65.27,-1.29,-1.98,47699.03,308281.5941
573,300505.SZ,20160719,63.4,68.78,63.2,68.3,63.98,4.32,6.75,75726.26,502598.1948
572,300505.SZ,20160720,68.2,68.9,66.56,68.73,68.3,0.43,0.63,67578.14,457782.4061
571,300505.SZ,20160721,67.95,69.28,64.88,65.1,68.73,-3.63,-5.28,60623.24,404924.4883
570,300505.SZ,20160722,65.08,66.05,61.2,63.25,65.1,-1.85,-2.84,49289.27,313838.766
569,300505.SZ,20160725,62.2,64.2,60.35,62.16,63.25,-1.09,-1.72,32852.97,204234.8543
568,300505.SZ,20160726,61.41,63.5,61.41,62.3,62.16,0.14,0.23,27573.83,172473.0837
567,300505.SZ,20160727,62.3,62.8,56.07,56.07,62.3,-6.23,-10.0,52386.5,305045.1137
566,300505.SZ,20160728,57.0,61.68,56.56,61.68,56.07,5.61,10.01,58631.57,346211.3355
565,300505.SZ,20160729,58.0,61.66,57.9,59.0,61.68,-2.68,-4.35,58385.71,346325.7273
564,300505.SZ,20160801,58.8,58.8,53.1,56.32,59.0,-2.68,-4.54,39403.19,220247.1866
563,300505.SZ,20160802,56.6,57.91,56.0,56.9,56.32,0.58,1.03,32192.57,183019.354
562,300505.SZ,20160803,56.33,61.75,56.01,60.95,56.9,4.05,7.12,58241.69,344174.4001
561,300505.SZ,20160804,60.03,63.5,59.52,60.6,60.95,-0.35,-0.57,50287.4,309446.4149
560,300505.SZ,20160805,60.3,62.7,59.8,61.78,60.6,1.18,1.95,46088.52,284203.8452
559,300505.SZ,20160808,61.22,63.18,58.75,62.83,61.78,1.05,1.7,42946.65,262150.6949
558,300505.SZ,20160809,62.83,69.0,62.83,66.76,62.83,3.93,6.26,70714.63,467910.7786
557,300505.SZ,20160810,65.72,73.44,65.72,72.9,66.76,6.14,9.2,105148.11,745380.5424
556,300505.SZ,20160811,71.45,74.9,67.6,68.44,72.9,-4.46,-6.12,92147.63,657478.5826
555,300505.SZ,20160812,69.01,72.95,67.0,71.4,68.44,2.96,4.33,80061.24,563026.3583
554,300505.SZ,20160815,71.1,75.03,69.2,72.74,71.4,1.34,1.88,85329.18,613612.572
553,300505.SZ,20160816,71.91,72.9,70.4,70.6,72.74,-2.14,-2.94,66857.42,478109.672
552,300505.SZ,20160817,69.3,77.3,69.01,76.41,70.6,5.81,8.23,87382.1,645501.9636
551,300505.SZ,20160818,75.87,78.05,73.3,74.24,76.41,-2.17,-2.84,76878.95,580536.2285
550,300505.SZ,20160819,73.98,76.3,72.01,72.39,74.24,-1.85,-2.49,53747.25,397805.7416
549,300505.SZ,20160822,71.88,71.88,65.85,67.92,72.39,-4.47,-6.17,54973.14,375363.4351
548,300505.SZ,20160823,68.48,71.15,67.3,69.63,67.92,1.71,2.52,43474.17,303640.3877
547,300505.SZ,20160824,70.3,71.0,67.84,69.48,69.63,-0.15,-0.22,43242.88,300051.5838
546,300505.SZ,20160825,68.74,72.89,65.88,71.27,69.48,1.79,2.58,55360.03,388369.3292
545,300505.SZ,20160826,70.9,72.6,67.76,68.4,71.27,-2.87,-4.03,43733.67,306506.8618
544,300505.SZ,20160829,67.29,68.94,66.1,67.48,68.4,-0.92,-1.35,26752.81,180264.6444
543,300505.SZ,20160830,67.67,69.58,67.62,68.2,67.48,0.72,1.07,24221.25,166316.9132
542,300505.SZ,20160831,68.0,69.5,66.1,69.2,68.2,1.0,1.47,33171.42,226232.3555
541,300505.SZ,20160901,69.14,69.44,66.5,66.8,69.2,-2.4,-3.47,29849.12,202922.9449
540,300505.SZ,20160902,66.4,67.48,65.01,65.05,66.8,-1.75,-2.62,25590.77,168920.6203
539,300505.SZ,20160905,65.01,66.37,65.01,65.38,65.05,0.33,0.51,15866.87,104219.7327
538,300505.SZ,20160906,65.62,66.19,62.72,66.0,65.38,0.62,0.95,22097.74,143400.5813
537,300505.SZ,20160907,66.0,66.75,64.34,64.74,66.0,-1.26,-1.91,20165.87,132168.3989
536,300505.SZ,20160908,64.35,65.44,62.88,63.51,64.74,-1.23,-1.9,19998.93,127862.1584
535,300505.SZ,20160909,63.52,63.87,61.0,61.44,63.51,-2.07,-3.26,24160.69,150148.0465
534,300505.SZ,20160912,59.3,60.2,58.2,58.2,61.44,-3.24,-5.27,18076.37,107065.1513
533,300505.SZ,20160913,58.88,60.21,58.88,59.54,58.2,1.34,2.3,20252.0,120751.684
532,300505.SZ,20160914,59.23,61.0,58.2,60.15,59.54,0.61,1.02,23268.35,140103.4424
531,300505.SZ,20160919,60.16,60.7,59.65,60.09,60.15,-0.06,-0.1,13334.43,80084.6735
530,300505.SZ,20160920,60.11,60.99,59.72,60.14,60.09,0.05,0.08,17133.5,103385.3925
529,300505.SZ,20160921,60.4,60.94,59.15,59.96,60.14,-0.18,-0.3,16135.0,97211.1965
528,300505.SZ,20160922,60.6,60.6,58.9,59.17,59.96,-0.79,-1.32,17530.39,104699.9235
527,300505.SZ,20160923,59.26,59.82,57.2,57.53,59.17,-1.64,-2.77,19338.5,113333.4208
526,300505.SZ,20160926,57.49,57.49,55.0,55.53,57.53,-2.0,-3.48,20056.58,112421.3243
525,300505.SZ,20160927,55.44,56.48,54.1,56.38,55.53,0.85,1.53,15061.87,83587.2577
524,300505.SZ,20160928,56.38,56.66,55.42,55.6,56.38,-0.78,-1.38,9088.12,50753.7258
523,300505.SZ,20160929,55.96,56.28,55.46,55.52,55.6,-0.08,-0.14,8392.66,46888.8999
522,300505.SZ,20160930,55.69,55.95,55.08,55.15,55.52,-0.37,-0.67,10047.16,55791.3199
521,300505.SZ,20161010,55.95,57.8,55.5,57.6,55.15,2.45,4.44,16935.62,96391.9906
520,300505.SZ,20161011,57.6,58.55,57.28,58.05,57.6,0.45,0.78,15466.18,89575.2478
519,300505.SZ,20161012,57.85,60.49,57.31,59.8,58.05,1.75,3.01,26296.5,156449.7035
518,300505.SZ,20161013,62.99,65.78,62.6,65.78,59.8,5.98,10.0,41740.12,268762.3128
517,300505.SZ,20161014,68.89,72.0,67.7,68.84,65.78,3.06,4.65,85462.91,596741.0294
516,300505.SZ,20161017,70.8,71.22,68.16,69.8,68.84,0.96,1.39,71407.87,499141.4024
515,300505.SZ,20161018,69.69,71.0,68.5,70.15,69.8,0.35,0.5,57405.26,401325.3473
514,300505.SZ,20161019,70.5,73.88,69.81,71.19,70.15,1.04,1.48,65942.58,471493.5385
513,300505.SZ,20161020,70.14,70.49,67.53,68.98,71.19,-2.21,-3.1,55866.51,385296.1268
512,300505.SZ,20161021,69.5,75.88,69.13,75.88,68.98,6.9,10.0,55204.46,408803.0344
511,300505.SZ,20161024,80.21,83.47,79.42,83.47,75.88,7.59,10.0,62970.11,512468.0039
510,300505.SZ,20161025,87.0,91.82,86.02,86.88,83.47,3.41,4.09,130401.12,1149380.8223
509,300505.SZ,20161026,87.2,89.23,84.88,84.93,86.88,-1.95,-2.24,102728.97,892489.3663
508,300505.SZ,20161027,83.5,86.28,81.86,86.1,84.93,1.17,1.38,92094.81,775336.7303
507,300505.SZ,20161028,83.8,87.48,82.44,82.78,86.1,-3.32,-3.86,78914.88,670222.1984
506,300505.SZ,20161031,81.0,84.89,80.33,83.66,82.78,0.88,1.06,54717.93,453887.1
505,300505.SZ,20161101,84.0,91.66,82.89,86.11,83.66,2.45,2.93,94449.17,814843.433
504,300505.SZ,20161102,84.49,87.4,82.6,84.35,86.11,-1.76,-2.04,64452.88,546679.002
503,300505.SZ,20161103,82.9,92.79,82.53,88.09,84.35,3.74,4.43,124559.29,1109304.196
502,300505.SZ,20161104,86.8,89.2,81.0,81.48,88.09,-6.61,-7.5,91549.74,779549.824
501,300505.SZ,20161107,80.8,83.3,80.8,82.44,81.48,0.96,1.18,38965.11,319038.649
500,300505.SZ,20161108,83.0,84.78,80.88,81.7,82.44,-0.74,-0.9,42397.45,351563.618
499,300505.SZ,20161109,81.0,84.58,80.11,82.08,81.7,0.38,0.47,60084.04,495360.228
498,300505.SZ,20161110,83.0,84.34,82.0,83.0,82.08,0.92,1.12,45308.07,376342.608
497,300505.SZ,20161111,82.5,88.88,82.5,87.45,83.0,4.45,5.36,75347.47,643324.335
496,300505.SZ,20161114,86.68,94.49,86.55,90.8,87.45,3.35,3.83,85216.97,777237.484
495,300505.SZ,20161115,89.18,92.2,85.98,87.2,90.8,-3.6,-3.96,67147.79,596669.988
494,300505.SZ,20161116,86.27,87.99,83.4,83.76,87.2,-3.44,-3.95,48220.64,413040.994
493,300505.SZ,20161117,81.4,81.88,78.5,78.98,83.76,-4.78,-5.71,47058.16,375914.862
492,300505.SZ,20161118,81.88,86.88,81.55,86.88,78.98,7.9,10.0,53890.27,460092.283
491,300505.SZ,20161121,88.49,91.99,85.22,89.05,86.88,2.17,2.5,90361.78,798092.026
490,300505.SZ,20161122,88.0,93.88,87.39,90.8,89.05,1.75,1.97,74033.47,670307.502
489,300505.SZ,20161123,89.6,89.9,86.88,87.02,90.8,-3.78,-4.16,49196.68,433219.735
488,300505.SZ,20161124,86.93,89.49,83.66,84.85,87.02,-2.17,-2.49,41056.35,356262.507
487,300505.SZ,20161125,83.84,93.34,83.51,93.34,84.85,8.49,10.01,90417.52,821705.536
486,300505.SZ,20161128,95.34,95.9,87.8,88.64,93.34,-4.7,-5.04,78468.0,716269.441
485,300505.SZ,20161129,86.55,97.5,86.5,94.31,88.64,5.67,6.4,110712.9,1045365.541
484,300505.SZ,20161130,92.0,103.74,91.5,103.74,94.31,9.43,10.0,111200.09,1109380.496
483,300505.SZ,20161201,106.0,114.1,100.01,101.6,103.74,-2.14,-2.06,123016.52,1318975.301
482,300505.SZ,20161202,101.62,104.6,98.0,100.1,101.6,-1.5,-1.48,85342.84,864956.368
481,300505.SZ,20161205,98.01,104.88,94.18,103.01,100.1,2.91,2.91,75632.75,753925.68
480,300505.SZ,20161206,101.8,106.35,99.01,100.02,103.01,-2.99,-2.9,61840.63,633470.08
479,300505.SZ,20161207,98.01,102.24,97.0,102.24,100.02,2.22,2.22,53324.26,532519.293
478,300505.SZ,20161208,102.5,105.29,96.01,96.5,102.24,-5.74,-5.61,63371.96,634464.701
477,300505.SZ,20161209,94.66,96.6,92.25,94.4,96.5,-2.1,-2.18,46245.33,435505.835
476,300505.SZ,20161212,93.22,94.8,84.96,84.96,94.4,-9.44,-10.0,50261.59,447714.808
475,300505.SZ,20161213,83.1,84.96,81.56,82.43,84.96,-2.53,-2.98,44050.31,366143.979
474,300505.SZ,20161214,83.0,85.23,79.0,79.6,82.43,-2.83,-3.43,51179.91,421893.972
473,300505.SZ,20161215,79.62,86.3,79.62,84.43,79.6,4.83,6.07,59620.41,497855.899
472,300505.SZ,20161216,84.0,86.44,82.36,85.7,84.43,1.27,1.5,49633.05,418527.07
471,300505.SZ,20161219,84.6,85.43,81.1,83.37,85.7,-2.33,-2.72,33105.17,275790.483
470,300505.SZ,20161220,83.45,85.88,83.45,84.39,83.37,1.02,1.22,34830.05,295543.679
469,300505.SZ,20161221,84.8,85.4,81.7,84.97,84.39,0.58,0.69,37008.83,308131.325
468,300505.SZ,20161222,84.96,84.96,82.5,82.64,84.97,-2.33,-2.74,23797.07,198120.281
467,300505.SZ,20161223,82.0,83.38,77.0,78.15,82.64,-4.49,-5.43,34936.41,279178.613
466,300505.SZ,20161226,76.24,79.65,74.5,78.79,78.15,0.64,0.82,29706.17,227416.347
465,300505.SZ,20161227,78.0,78.79,76.88,77.18,78.79,-1.61,-2.04,19411.19,150968.285
464,300505.SZ,20161228,75.2,78.91,75.2,76.65,77.18,-0.53,-0.69,19771.16,153404.923
463,300505.SZ,20161229,76.99,77.3,74.6,74.73,76.65,-1.92,-2.5,20654.9,156736.305
462,300505.SZ,20161230,74.8,75.98,70.9,71.58,74.73,-3.15,-4.22,28784.0,208880.743
461,300505.SZ,20170103,72.0,72.54,70.5,71.96,71.58,0.38,0.53,23408.58,167185.402
460,300505.SZ,20170104,72.17,77.46,71.69,75.84,71.96,3.88,5.39,45302.52,342296.077
459,300505.SZ,20170105,75.14,75.3,73.01,73.01,75.84,-2.83,-3.73,28038.06,207183.829
458,300505.SZ,20170106,72.6,75.58,72.0,73.24,73.01,0.23,0.32,29208.22,215738.703
457,300505.SZ,20170109,72.0,73.05,70.5,71.01,73.24,-2.23,-3.04,24322.32,173084.241
456,300505.SZ,20170110,71.0,71.99,69.5,69.55,71.01,-1.46,-2.06,20969.0,148218.366
455,300505.SZ,20170111,69.3,70.38,66.5,66.5,69.55,-3.05,-4.39,25900.37,176050.897
454,300505.SZ,20170112,66.3,68.39,66.3,66.99,66.5,0.49,0.74,24862.48,166940.559
453,300505.SZ,20170113,66.75,67.55,61.2,62.17,66.99,-4.82,-7.2,32396.4,206356.042
452,300505.SZ,20170116,61.0,62.02,55.95,56.67,62.17,-5.5,-8.85,31067.74,181430.841
451,300505.SZ,20170117,56.5,59.21,54.25,58.88,56.67,2.21,3.9,32665.83,187073.708
450,300505.SZ,20170118,58.0,58.65,56.68,56.94,58.88,-1.94,-3.29,18530.94,106485.802
449,300505.SZ,20170119,56.53,61.0,56.53,58.6,56.94,1.66,2.92,38415.29,226599.153
448,300505.SZ,20170120,58.41,60.6,58.41,59.5,58.6,0.9,1.54,29970.11,179018.633
447,300505.SZ,20170123,60.25,60.8,59.23,59.59,59.5,0.09,0.15,18743.73,112254.149
446,300505.SZ,20170124,59.5,60.1,57.82,57.97,59.59,-1.62,-2.72,18305.81,106951.4
445,300505.SZ,20170125,57.5,60.5,56.8,59.68,57.97,1.71,2.95,23074.42,137018.088
444,300505.SZ,20170126,59.68,60.59,59.01,59.75,59.68,0.07,0.12,16511.98,98654.177
443,300505.SZ,20170203,60.0,60.5,59.08,60.07,59.75,0.32,0.54,11146.88,66637.519
442,300505.SZ,20170206,60.15,61.68,59.65,61.58,60.07,1.51,2.51,21101.51,127990.618
441,300505.SZ,20170207,61.4,61.4,60.01,60.51,61.58,-1.07,-1.74,21049.43,127713.487
440,300505.SZ,20170208,60.51,60.55,58.5,60.39,60.51,-0.12,-0.2,24879.44,148381.153
439,300505.SZ,20170209,60.01,66.3,60.0,63.09,60.39,2.7,4.47,44982.61,284989.204
438,300505.SZ,20170210,62.8,63.15,61.03,61.22,63.09,-1.87,-2.96,25947.8,160212.98
437,300505.SZ,20170213,61.6,62.62,60.12,61.92,61.22,0.7,1.14,20960.75,129631.409
436,300505.SZ,20170214,61.95,62.48,61.1,61.7,61.92,-0.22,-0.36,13749.99,84869.636
435,300505.SZ,20170215,61.21,62.48,61.21,61.5,61.7,-0.2,-0.32,20681.0,127792.611
434,300505.SZ,20170216,61.2,61.45,59.5,60.48,61.5,-1.02,-1.66,19284.55,116264.754
433,300505.SZ,20170217,60.48,60.79,58.31,58.38,60.48,-2.1,-3.47,17775.33,105102.988
432,300505.SZ,20170220,58.28,59.42,57.32,58.7,58.38,0.32,0.55,13893.03,81010.468
431,300505.SZ,20170221,59.02,59.62,58.3,59.49,58.7,0.79,1.35,13627.63,80714.005
430,300505.SZ,20170222,60.16,62.89,59.68,60.98,59.49,1.49,2.5,29610.14,181993.825
429,300505.SZ,20170223,61.02,61.39,59.55,61.02,60.98,0.04,0.07,22231.3,134484.721
428,300505.SZ,20170224,60.88,62.3,60.51,61.6,61.02,0.58,0.95,21884.48,134917.728
427,300505.SZ,20170227,61.59,61.59,60.49,60.55,61.6,-1.05,-1.7,15760.13,95923.66
426,300505.SZ,20170228,60.55,60.9,60.14,60.79,60.55,0.24,0.4,11776.35,71284.611
425,300505.SZ,20170301,60.66,62.46,60.66,61.2,60.79,0.41,0.67,20894.0,128909.084
424,300505.SZ,20170302,61.1,61.6,59.86,59.92,61.2,-1.28,-2.09,17979.67,108425.545
423,300505.SZ,20170303,59.6,61.2,58.61,60.57,59.92,0.65,1.08,20322.22,121850.519
422,300505.SZ,20170306,60.62,61.88,60.5,61.83,60.57,1.26,2.08,25043.14,153504.997
421,300505.SZ,20170307,62.3,67.32,62.3,65.0,61.83,3.17,5.13,58676.67,380923.061
420,300505.SZ,20170308,64.5,64.5,63.06,63.5,65.0,-1.5,-2.31,28507.71,181444.219
419,300505.SZ,20170309,64.01,65.0,63.06,64.22,63.5,0.72,1.13,25869.6,165754.315
418,300505.SZ,20170310,64.1,64.6,62.51,63.62,64.22,-0.6,-0.93,22955.73,145943.859
417,300505.SZ,20170313,62.61,63.4,61.5,62.82,63.62,-0.8,-1.26,22778.0,142252.294
416,300505.SZ,20170314,62.84,64.4,62.84,64.25,62.82,1.43,2.28,33973.04,216612.758
415,300505.SZ,20170315,63.9,63.9,62.5,63.23,64.25,-1.02,-1.59,20652.22,130559.967
414,300505.SZ,20170316,63.3,64.66,63.03,64.01,63.23,0.78,1.23,26071.99,166356.164
413,300505.SZ,20170317,64.0,67.0,63.8,63.96,64.01,-0.05,-0.08,41405.07,270326.712
412,300505.SZ,20170320,62.77,63.28,62.28,63.2,63.96,-0.76,-1.19,22710.77,142519.179
411,300505.SZ,20170321,63.25,64.59,62.9,63.96,63.2,0.76,1.2,19067.67,121790.143
410,300505.SZ,20170322,63.25,63.6,62.3,62.91,63.96,-1.05,-1.64,22066.82,138618.665
409,300505.SZ,20170323,62.5,65.3,62.1,65.27,62.91,2.36,3.75,49183.58,314475.853
408,300505.SZ,20170324,65.0,65.74,63.78,64.08,65.27,-1.19,-1.82,37782.33,244011.948
407,300505.SZ,20170327,64.82,65.7,64.02,64.41,64.08,0.33,0.52,25576.8,165445.005
406,300505.SZ,20170328,64.46,64.97,62.71,62.75,64.41,-1.66,-2.58,21937.96,138707.299
405,300505.SZ,20170329,62.75,62.96,57.48,58.39,62.75,-4.36,-6.95,32978.51,196767.512
404,300505.SZ,20170330,58.0,58.0,55.4,55.68,58.39,-2.71,-4.64,22303.04,125296.918
403,300505.SZ,20170331,56.99,57.5,55.75,56.21,55.68,0.53,0.95,11993.22,67699.45
402,300505.SZ,20170405,56.68,57.09,53.8,57.0,56.21,0.79,1.41,14621.36,81918.427
401,300505.SZ,20170406,57.01,57.2,56.53,56.92,57.0,-0.08,-0.14,11281.51,64215.042
400,300505.SZ,20170407,56.58,58.4,56.58,58.4,56.92,1.48,2.6,19238.71,111296.451
399,300505.SZ,20170410,55.2,55.6,52.56,52.56,58.4,-5.84,-10.0,34563.35,185513.879
398,300505.SZ,20170411,50.45,52.55,48.55,51.44,52.56,-1.12,-2.13,28804.58,145184.394
397,300505.SZ,20170412,50.63,50.78,48.68,48.8,51.44,-2.64,-5.13,17813.0,88213.993
396,300505.SZ,20170413,49.04,49.88,48.66,48.92,48.8,0.12,0.25,10646.82,52491.24
395,300505.SZ,20170414,48.68,49.5,47.36,47.75,48.92,-1.17,-2.39,13984.24,67323.66
394,300505.SZ,20170417,47.0,47.0,43.0,43.04,47.75,-4.71,-9.86,19753.98,87717.585
393,300505.SZ,20170418,43.29,44.0,42.18,42.65,43.04,-0.39,-0.91,12319.98,53177.434
392,300505.SZ,20170419,42.51,43.8,41.13,43.33,42.65,0.68,1.59,18047.1,76607.59
391,300505.SZ,20170420,42.8,44.12,42.5,43.63,43.33,0.3,0.69,18296.0,79556.49
390,300505.SZ,20170421,43.64,43.64,42.2,42.45,43.63,-1.18,-2.7,11729.0,50186.905
389,300505.SZ,20170424,42.34,42.7,40.7,41.0,42.45,-1.45,-3.42,9298.71,38803.181
388,300505.SZ,20170425,40.71,41.67,40.6,40.68,41.0,-0.32,-0.78,10357.14,42628.759
387,300505.SZ,20170426,40.68,41.79,40.2,41.61,40.68,0.93,2.29,13103.14,54267.485
386,300505.SZ,20170427,41.73,42.91,40.27,42.73,41.61,1.12,2.69,16453.83,68611.373
385,300505.SZ,20170428,42.45,43.16,42.0,43.07,42.73,0.34,0.8,11697.57,50085.387
384,300505.SZ,20170502,43.0,43.62,42.63,42.9,43.07,-0.17,-0.39,8291.71,35689.532
383,300505.SZ,20170503,42.93,43.35,42.2,42.74,42.9,-0.16,-0.37,8548.71,36524.082
382,300505.SZ,20170504,42.7,43.27,42.4,42.65,42.74,-0.09,-0.21,8848.0,37939.72
381,300505.SZ,20170505,42.9,43.3,42.31,42.86,42.65,0.21,0.49,10906.0,46809.793
380,300505.SZ,20170508,42.7,42.9,40.73,40.8,42.86,-2.06,-4.81,9648.0,40376.817
379,300505.SZ,20170509,40.0,41.4,40.0,40.88,40.8,0.08,0.2,7710.24,31534.504
378,300505.SZ,20170510,40.93,42.35,40.63,40.69,40.88,-0.19,-0.46,12937.31,53777.634
377,300505.SZ,20170511,40.2,41.09,37.21,39.7,40.69,-0.99,-2.43,14574.5,57069.244
376,300505.SZ,20170512,39.88,39.99,38.0,38.81,39.7,-0.89,-2.24,10402.99,40632.868
375,300505.SZ,20170515,39.09,39.9,38.8,38.9,38.81,0.09,0.23,7193.05,28180.073
374,300505.SZ,20170516,38.91,40.7,37.85,40.24,38.9,1.34,3.44,19084.9,74694.743
373,300505.SZ,20170517,40.0,41.39,39.81,40.2,40.24,-0.04,-0.1,16239.59,65646.318
372,300505.SZ,20170518,39.87,40.75,39.24,39.55,40.2,-0.65,-1.62,13118.17,52469.856
371,300505.SZ,20170519,39.9,40.61,39.5,39.61,39.55,0.06,0.15,11048.77,44200.804
370,300505.SZ,20170522,39.94,40.28,36.7,37.1,39.61,-2.51,-6.34,14963.06,57835.877
369,300505.SZ,20170523,37.26,37.38,33.53,33.64,37.1,-3.46,-9.33,17867.06,63088.721
368,300505.SZ,20170524,33.7,34.51,32.69,34.06,33.64,0.42,1.25,12997.19,43916.361
367,300505.SZ,20170525,34.5,34.6,33.3,34.29,34.06,0.23,0.68,12558.85,42814.601
366,300505.SZ,20170526,34.55,34.88,34.02,34.41,34.29,0.12,0.35,9581.66,33051.22
365,300505.SZ,20170531,35.5,35.95,34.0,34.2,34.41,-0.21,-0.61,12786.48,44898.088
364,300505.SZ,20170601,34.35,34.59,32.4,32.53,34.2,-1.67,-4.88,11720.0,39036.518
363,300505.SZ,20170602,32.3,33.54,31.51,33.3,32.53,0.77,2.37,14390.98,47120.429
362,300505.SZ,20170605,33.81,34.25,33.25,33.48,33.3,0.18,0.54,13577.88,45721.557
361,300505.SZ,20170606,33.5,34.3,33.48,33.9,33.48,0.42,1.25,13387.74,45322.241
360,300505.SZ,20170607,34.0,35.5,33.63,34.95,33.9,1.05,3.1,20643.49,71865.97
359,300505.SZ,20170608,34.5,36.63,34.5,35.43,34.95,0.48,1.37,24279.5,86889.917
358,300505.SZ,20170609,35.11,35.5,34.2,35.44,35.43,0.01,0.03,14989.33,52308.668
357,300505.SZ,20170612,34.85,37.65,34.5,36.49,35.44,1.05,2.96,23733.65,85439.824
356,300505.SZ,20170613,36.39,40.14,36.1,40.14,36.49,3.65,10.0,57477.1,225039.701
355,300505.SZ,20170614,39.32,44.15,39.28,44.15,40.14,4.01,9.99,74363.23,311541.622
354,300505.SZ,20170615,43.2,44.49,42.2,43.0,44.15,-1.15,-2.6,71868.59,309838.582
353,300505.SZ,20170616,43.2,43.79,41.68,42.15,43.0,-0.85,-1.98,39091.09,166551.048
352,300505.SZ,20170619,41.79,42.95,41.51,41.81,42.15,-0.34,-0.81,37056.18,156346.362
351,300505.SZ,20170620,42.18,42.18,40.83,41.35,41.81,-0.46,-1.1,31715.09,131210.402
350,300505.SZ,20170621,41.5,41.51,40.18,40.7,41.35,-0.65,-1.57,25684.19,104149.676
349,300505.SZ,20170622,40.58,41.38,39.02,39.32,40.7,-1.38,-3.39,32829.78,132184.931
348,300505.SZ,20170623,39.94,39.97,38.22,39.93,39.32,0.61,1.55,27254.26,107067.99
347,300505.SZ,20170626,39.89,40.78,39.23,40.21,39.93,0.28,0.7,24946.32,99897.273
346,300505.SZ,20170627,40.3,44.23,40.05,44.23,40.21,4.02,10.0,51762.86,216556.093
345,300505.SZ,20170628,44.24,46.27,43.6,44.31,44.08,0.23,0.52,84516.79,381606.284
344,300505.SZ,20170629,44.37,46.18,43.35,43.4,44.31,-0.91,-2.05,54136.63,242578.23
343,300505.SZ,20170630,44.0,44.05,41.6,42.11,43.4,-1.29,-2.97,39573.53,168059.368
342,300505.SZ,20170703,42.94,44.79,42.12,43.7,42.11,1.59,3.78,38440.87,166144.298
341,300505.SZ,20170704,43.2,44.37,43.03,43.88,43.7,0.18,0.41,34108.0,149760.098
340,300505.SZ,20170705,43.08,43.8,42.42,43.3,43.88,-0.58,-1.32,32993.25,141967.453
339,300505.SZ,20170706,43.6,46.5,43.6,45.31,43.3,2.01,4.64,64244.51,291174.152
338,300505.SZ,20170707,46.7,47.51,45.48,46.0,45.31,0.69,1.52,69331.76,322224.897
337,300505.SZ,20170710,44.0,44.5,42.56,43.2,46.0,-2.8,-6.09,41282.44,179240.379
336,300505.SZ,20170711,42.88,45.0,41.6,43.9,43.2,0.7,1.62,43153.27,184993.45
335,300505.SZ,20170712,42.88,43.7,42.5,42.83,43.9,-1.07,-2.44,22685.7,97672.589
334,300505.SZ,20170713,42.61,43.15,41.05,41.11,42.83,-1.72,-4.02,25455.06,106363.559
333,300505.SZ,20170714,41.11,42.28,40.94,41.09,41.11,-0.02,-0.05,20390.63,84677.918
332,300505.SZ,20170717,40.4,40.45,36.98,36.98,41.09,-4.11,-10.0,26148.89,98681.377
331,300505.SZ,20170718,34.52,36.85,34.52,36.39,36.98,-0.59,-1.6,18819.5,67749.91
330,300505.SZ,20170719,36.75,36.75,35.11,36.03,36.39,-0.36,-0.99,20802.88,74728.76
329,300505.SZ,20170720,36.19,37.75,35.9,36.32,36.03,0.29,0.8,21078.5,77723.075
328,300505.SZ,20170721,35.85,36.3,34.66,34.85,36.32,-1.47,-4.05,17180.35,60841.085
327,300505.SZ,20170724,34.61,35.47,34.57,35.15,34.85,0.3,0.86,11740.67,41148.533
326,300505.SZ,20170725,35.17,37.18,34.8,36.98,35.15,1.83,5.21,27177.8,97995.62
325,300505.SZ,20170726,36.61,37.3,36.01,36.27,36.98,-0.71,-1.92,18834.62,68823.575
324,300505.SZ,20170727,36.38,38.5,36.04,38.05,36.27,1.78,4.91,32725.43,122964.515
323,300505.SZ,20170728,37.67,38.27,37.06,37.48,38.05,-0.57,-1.5,20507.0,77369.164
322,300505.SZ,20170731,37.48,38.19,37.25,37.54,37.48,0.06,0.16,16850.53,63674.208
321,300505.SZ,20170801,37.54,38.0,36.33,36.92,37.54,-0.62,-1.65,16970.0,63106.69
320,300505.SZ,20170802,36.76,36.88,35.6,35.84,36.92,-1.08,-2.93,17086.86,61492.226
319,300505.SZ,20170803,35.84,37.65,35.57,37.06,35.84,1.22,3.4,20480.23,75443.077
318,300505.SZ,20170804,36.9,38.75,36.3,37.23,37.06,0.17,0.46,28581.1,107822.138
317,300505.SZ,20170807,36.0,36.94,36.0,36.35,37.23,-0.88,-2.36,18958.13,68959.08
316,300505.SZ,20170808,36.38,36.72,35.9,36.5,36.35,0.15,0.41,13388.0,48583.704
315,300505.SZ,20170809,36.65,36.87,36.11,36.6,36.5,0.1,0.27,12872.2,46929.073
314,300505.SZ,20170810,36.5,36.5,35.44,35.5,36.6,-1.1,-3.01,15391.0,55137.171
313,300505.SZ,20170811,34.97,36.05,34.9,35.08,35.5,-0.42,-1.18,9357.0,33185.603
312,300505.SZ,20170814,35.08,36.05,35.0,35.82,35.08,0.74,2.11,12556.85,44759.075
311,300505.SZ,20170815,35.8,36.51,35.69,36.03,35.82,0.21,0.59,11054.86,39849.537
310,300505.SZ,20170816,36.03,36.99,35.51,36.75,36.03,0.72,2.0,21889.02,79987.967
309,300505.SZ,20170817,36.57,37.5,36.51,37.2,36.75,0.45,1.22,21890.29,81251.551
308,300505.SZ,20170818,36.97,36.97,36.16,36.61,37.2,-0.59,-1.59,15588.93,56987.771
307,300505.SZ,20170821,36.65,36.85,36.34,36.74,36.61,0.13,0.36,11142.0,40759.725
306,300505.SZ,20170822,36.78,36.88,36.21,36.3,36.74,-0.44,-1.2,10739.0,39300.979
305,300505.SZ,20170823,36.28,36.28,35.45,35.6,36.3,-0.7,-1.93,11069.5,39615.089
304,300505.SZ,20170824,35.6,36.12,35.15,35.23,35.6,-0.37,-1.04,9797.02,34895.387
303,300505.SZ,20170825,35.52,36.22,35.23,35.99,35.23,0.76,2.16,12344.1,44268.371
302,300505.SZ,20170828,35.85,37.19,35.85,36.7,35.99,0.71,1.97,17555.55,64350.678
301,300505.SZ,20170829,36.75,37.78,36.49,37.08,36.7,0.38,1.04,27316.83,101503.043
300,300505.SZ,20170830,36.8,37.29,36.5,36.8,37.08,-0.28,-0.76,14711.87,54192.553
299,300505.SZ,20170831,37.61,38.73,37.09,37.32,36.8,0.52,1.41,32401.45,122698.987
298,300505.SZ,20170901,37.37,38.5,37.33,38.08,37.32,0.76,2.04,28451.78,107890.497
297,300505.SZ,20170904,38.0,38.03,37.0,37.13,38.08,-0.95,-2.49,22824.51,85681.189
296,300505.SZ,20170905,37.26,37.98,36.75,37.76,37.13,0.63,1.7,18756.0,70191.193
295,300505.SZ,20170906,37.56,40.25,37.31,39.49,37.76,1.73,4.58,41432.79,161472.858
294,300505.SZ,20170907,39.19,41.35,39.12,40.17,39.49,0.68,1.72,49476.87,200087.061
293,300505.SZ,20170908,39.77,40.69,39.4,39.7,40.17,-0.47,-1.17,29041.33,115695.854
292,300505.SZ,20170911,39.36,39.98,39.29,39.68,39.7,-0.02,-0.05,20600.98,81693.079
291,300505.SZ,20170912,39.68,40.5,38.62,38.66,39.68,-1.02,-2.57,26748.19,105535.372
290,300505.SZ,20170913,38.66,38.9,37.83,38.55,38.66,-0.11,-0.28,16263.93,62216.861
289,300505.SZ,20170914,38.5,38.87,38.14,38.37,38.55,-0.18,-0.47,12302.24,47287.922
288,300505.SZ,20170915,38.2,38.51,37.76,38.42,38.37,0.05,0.13,11657.0,44354.63
287,300505.SZ,20170918,38.1,39.99,38.1,39.95,38.42,1.53,3.98,25807.33,101659.034
286,300505.SZ,20170919,39.95,41.53,39.75,40.06,39.95,0.11,0.28,37276.19,151298.47
285,300505.SZ,20170920,39.98,40.52,39.4,40.52,40.06,0.46,1.15,22635.96,90188.216
284,300505.SZ,20170921,40.53,42.6,40.53,41.6,40.52,1.08,2.67,51031.84,212912.955
283,300505.SZ,20170922,41.44,43.87,41.4,42.47,41.6,0.87,2.09,54586.33,233599.139
282,300505.SZ,20170925,42.13,42.16,40.02,40.19,42.47,-2.28,-5.37,36833.9,151002.043
281,300505.SZ,20170926,40.63,41.45,40.05,40.97,40.19,0.78,1.94,23036.91,93736.867
280,300505.SZ,20170927,40.95,44.87,40.5,43.67,40.97,2.7,6.59,52569.34,226261.644
279,300505.SZ,20170928,43.2,44.48,42.78,44.42,43.67,0.75,1.72,52380.69,229489.965
278,300505.SZ,20170929,45.5,48.86,45.5,48.86,44.42,4.44,10.0,60075.92,285898.646
277,300505.SZ,20171009,53.75,53.75,53.75,53.75,48.86,4.89,10.01,9207.29,49489.183
276,300505.SZ,20171010,57.0,58.0,54.98,56.53,53.75,2.78,5.17,142117.09,800258.387
275,300505.SZ,20171011,55.3,60.0,54.73,55.7,56.53,-0.83,-1.47,123428.34,708709.053
274,300505.SZ,20171012,54.54,58.38,54.53,58.17,55.7,2.47,4.43,104141.05,595352.162
273,300505.SZ,20171013,57.0,59.7,52.35,52.35,58.17,-5.82,-10.01,138798.74,774275.679
272,300505.SZ,20171016,50.15,51.44,47.12,47.31,52.35,-5.04,-9.63,97880.99,476110.874
271,300505.SZ,20171017,47.66,47.9,46.13,46.62,47.31,-0.69,-1.46,57466.82,269178.296
270,300505.SZ,20171018,47.17,47.22,44.0,44.97,46.62,-1.65,-3.54,68838.17,313191.468
269,300505.SZ,20171019,44.99,45.32,43.7,44.36,44.97,-0.61,-1.36,39597.26,176293.261
268,300505.SZ,20171020,44.99,44.99,44.07,44.86,44.36,0.5,1.13,31450.0,140060.321
267,300505.SZ,20171023,45.0,45.12,43.52,45.01,44.86,0.15,0.33,44048.96,195547.285
266,300505.SZ,20171024,44.75,44.75,42.8,43.27,45.01,-1.74,-3.87,37382.11,163091.53
265,300505.SZ,20171025,43.1,43.93,42.88,43.7,43.27,0.43,0.99,28465.3,123870.325
264,300505.SZ,20171026,43.7,44.98,43.0,44.15,43.7,0.45,1.03,34114.88,150405.158
263,300505.SZ,20171027,43.9,44.22,41.82,42.08,44.15,-2.07,-4.69,36713.32,157296.645
262,300505.SZ,20171030,41.7,42.91,41.52,42.1,42.08,0.02,0.05,32885.03,138772.992
261,300505.SZ,20171031,41.8,42.28,41.0,42.19,42.1,0.09,0.21,24596.24,102522.048
260,300505.SZ,20171101,42.2,42.73,41.71,41.79,42.19,-0.4,-0.95,25472.24,107417.233
259,300505.SZ,20171102,41.8,42.49,41.23,41.46,41.79,-0.33,-0.79,23756.0,99414.237
258,300505.SZ,20171103,41.1,42.79,40.01,42.65,41.46,1.19,2.87,52247.5,216817.447
257,300505.SZ,20171106,42.65,42.84,41.7,42.49,42.65,-0.16,-0.38,28784.5,121848.443
256,300505.SZ,20171107,42.4,42.73,41.55,42.72,42.49,0.23,0.54,30069.78,127016.858
255,300505.SZ,20171108,42.69,43.98,42.36,43.58,42.72,0.86,2.01,46865.84,202796.233
254,300505.SZ,20171109,43.15,44.2,42.88,43.29,43.58,-0.29,-0.67,32816.0,142602.493
253,300505.SZ,20171110,42.98,45.59,42.98,44.65,43.29,1.36,3.14,64143.01,287368.188
252,300505.SZ,20171113,44.6,45.39,43.65,45.3,44.65,0.65,1.46,46165.85,205298.062
251,300505.SZ,20171114,45.07,45.1,42.44,42.57,45.3,-2.73,-6.03,42910.0,188109.775
250,300505.SZ,20171115,41.81,42.0,39.41,39.49,42.57,-3.08,-7.24,33841.96,138088.251
249,300505.SZ,20171116,38.85,39.23,37.0,37.8,39.49,-1.69,-4.28,33952.0,129877.092
248,300505.SZ,20171117,37.55,38.37,36.5,36.88,37.8,-0.92,-2.43,27928.0,104066.751
247,300505.SZ,20171120,36.83,37.98,36.5,37.84,36.88,0.96,2.6,18755.6,69857.964
246,300505.SZ,20171121,37.7,38.24,37.02,37.44,37.84,-0.4,-1.06,17716.99,66722.336
245,300505.SZ,20171122,37.54,37.72,36.61,36.7,37.44,-0.74,-1.98,15663.0,57921.478
244,300505.SZ,20171123,36.5,36.5,34.8,34.89,36.7,-1.81,-4.93,21721.76,77067.861
243,300505.SZ,20171124,34.8,35.5,34.5,34.95,34.89,0.06,0.17,10805.0,37863.703
242,300505.SZ,20171127,34.95,35.76,34.7,34.8,34.95,-0.15,-0.43,10563.66,37216.105
241,300505.SZ,20171128,34.65,35.58,34.65,35.56,34.8,0.76,2.18,11830.66,41828.871
240,300505.SZ,20171129,35.45,35.78,34.74,35.73,35.56,0.17,0.48,13478.83,47590.165
239,300505.SZ,20171130,35.73,36.17,35.28,35.31,35.73,-0.42,-1.18,11212.6,39985.443
238,300505.SZ,20171201,35.7,35.7,35.3,35.6,35.31,0.29,0.82,10177.0,36180.79
237,300505.SZ,20171204,35.2,35.48,33.0,33.0,35.6,-2.6,-7.3,18444.0,63123.759
236,300505.SZ,20171205,33.05,36.3,33.05,35.19,33.0,2.19,6.64,37588.34,132569.842
235,300505.SZ,20171206,34.77,35.59,33.81,35.58,35.19,0.39,1.11,24944.0,86851.689
234,300505.SZ,20171207,35.65,37.3,35.59,36.44,35.58,0.86,2.42,31958.66,116536.025
233,300505.SZ,20171215,37.0,38.7,36.5,37.0,36.44,0.56,1.54,31322.66,117662.344
232,300505.SZ,20171218,37.05,38.35,37.01,37.36,37.0,0.36,0.97,21234.0,79899.477
231,300505.SZ,20171219,37.02,37.55,36.38,36.41,37.36,-0.95,-2.54,15742.9,57862.468
230,300505.SZ,20171220,34.0,35.01,33.17,33.21,36.41,-3.2,-8.79,27874.24,94262.165
229,300505.SZ,20171221,33.59,33.59,31.21,32.18,33.21,-1.03,-3.1,22912.92,73088.44
228,300505.SZ,20171222,31.99,32.11,31.39,31.58,32.18,-0.6,-1.86,12382.8,39235.776
227,300505.SZ,20171225,31.5,31.8,30.11,30.23,31.58,-1.35,-4.27,18054.37,55540.014
226,300505.SZ,20171226,30.23,31.3,30.23,31.03,30.23,0.8,2.65,13861.45,42681.645
225,300505.SZ,20171227,30.99,31.56,30.8,31.0,31.03,-0.03,-0.1,11282.24,35202.822
224,300505.SZ,20171228,30.84,31.52,30.84,31.15,31.0,0.15,0.48,10411.0,32506.587
223,300505.SZ,20171229,31.01,31.48,31.01,31.43,31.15,0.28,0.9,9669.7,30271.095
222,300505.SZ,20180102,31.43,31.77,30.8,31.56,31.43,0.13,0.41,11968.0,37568.532
221,300505.SZ,20180103,31.6,32.1,31.08,32.07,31.56,0.51,1.62,19413.0,61197.912
220,300505.SZ,20180104,32.18,32.47,31.5,31.6,32.07,-0.47,-1.47,13732.0,43594.607
219,300505.SZ,20180105,31.7,31.8,31.32,31.47,31.6,-0.13,-0.41,8945.0,28178.129
218,300505.SZ,20180108,31.51,31.51,30.69,31.02,31.47,-0.45,-1.43,9932.0,30750.423
217,300505.SZ,20180109,31.0,31.05,30.64,30.81,31.02,-0.21,-0.68,9114.24,28045.193
216,300505.SZ,20180110,30.66,30.88,29.92,30.3,30.81,-0.51,-1.66,11553.0,34999.997
215,300505.SZ,20180111,30.15,31.2,30.14,30.83,30.3,0.53,1.75,14530.0,44713.253
214,300505.SZ,20180112,30.88,31.14,30.38,30.39,30.83,-0.44,-1.43,9525.0,29237.087
213,300505.SZ,20180115,30.9,30.9,30.06,30.49,30.39,0.1,0.33,11961.5,36450.592
212,300505.SZ,20180116,30.55,31.47,30.55,31.45,30.49,0.96,3.15,19734.24,61526.328
211,300505.SZ,20180117,31.15,34.6,30.51,32.93,31.45,1.48,4.71,33792.74,109921.491
210,300505.SZ,20180118,32.6,33.95,32.19,32.66,32.93,-0.27,-0.82,24086.0,79846.146
209,300505.SZ,20180119,32.67,33.15,31.71,31.95,32.66,-0.71,-2.17,16476.0,53229.609
208,300505.SZ,20180122,31.83,31.83,30.6,31.36,31.95,-0.59,-1.85,13690.0,42833.051
207,300505.SZ,20180123,31.66,33.97,31.35,33.26,31.36,1.9,6.06,31961.24,104884.833
206,300505.SZ,20180124,32.9,33.13,32.31,33.0,33.26,-0.26,-0.78,20354.24,66639.455
205,300505.SZ,20180125,32.75,33.75,32.51,32.51,33.0,-0.49,-1.48,19076.0,63169.789
204,300505.SZ,20180126,32.1,32.83,31.81,31.86,32.51,-0.65,-2.0,12712.0,40893.299
203,300505.SZ,20180129,31.86,32.71,31.66,32.1,31.86,0.24,0.75,12465.0,40111.273
202,300505.SZ,20180130,32.09,32.97,32.0,32.33,32.1,0.23,0.72,13351.5,43411.18
201,300505.SZ,20180131,32.18,32.58,29.17,30.06,32.33,-2.27,-7.02,24012.74,73301.675
200,300505.SZ,20180201,30.0,30.4,27.88,27.9,30.06,-2.16,-7.19,18298.0,52857.802
199,300505.SZ,20180202,27.95,28.2,25.11,26.81,27.9,-1.09,-3.91,13634.02,36434.097
198,300505.SZ,20180205,26.43,27.58,25.13,26.84,26.81,0.03,0.11,7624.02,20497.342
197,300505.SZ,20180206,26.15,26.6,24.16,24.16,26.84,-2.68,-9.99,16230.0,40738.342
196,300505.SZ,20180207,24.9,24.97,23.56,24.3,24.16,0.14,0.58,12627.0,30815.068
195,300505.SZ,20180208,24.4,24.95,24.13,24.72,24.3,0.42,1.73,9172.0,22656.289
194,300505.SZ,20180209,24.0,24.37,23.13,23.55,24.72,-1.17,-4.73,10125.0,24085.433
193,300505.SZ,20180212,23.85,24.6,23.85,24.53,23.55,0.98,4.16,8585.0,20942.33
192,300505.SZ,20180213,24.61,25.3,24.3,24.31,24.53,-0.22,-0.9,8837.0,21921.14
191,300505.SZ,20180214,24.32,24.69,24.03,24.48,24.31,0.17,0.7,5746.72,14035.469
190,300505.SZ,20180222,24.51,25.09,24.51,25.0,24.48,0.52,2.12,7176.0,17881.27
189,300505.SZ,20180223,25.01,25.35,24.87,25.12,25.0,0.12,0.48,7309.0,18367.983
188,300505.SZ,20180226,25.4,26.3,25.37,26.07,25.12,0.95,3.78,12326.0,31949.164
187,300505.SZ,20180227,26.14,26.45,25.78,26.05,26.07,-0.02,-0.08,13792.8,35921.285
186,300505.SZ,20180228,25.9,27.2,25.5,26.48,26.05,0.43,1.65,15886.33,41968.542
185,300505.SZ,20180301,25.95,26.93,25.55,26.86,26.48,0.38,1.44,15407.0,40871.039
184,300505.SZ,20180302,26.78,26.78,26.06,26.52,26.86,-0.34,-1.27,12320.0,32668.658
183,300505.SZ,20180305,27.02,27.5,26.52,27.45,26.52,0.93,3.51,17056.5,46219.141
182,300505.SZ,20180306,27.5,30.2,27.15,29.43,27.45,1.98,7.21,36954.01,106554.892
181,300505.SZ,20180307,27.19,28.37,27.19,27.92,29.43,-1.51,-5.13,33082.25,92111.239
180,300505.SZ,20180308,27.52,28.38,27.52,28.3,27.92,0.38,1.36,20667.52,57761.236
179,300505.SZ,20180309,28.18,28.85,27.85,28.59,28.3,0.29,1.02,20111.31,57109.627
178,300505.SZ,20180312,28.8,30.68,28.8,29.75,28.59,1.16,4.06,30353.72,90200.455
177,300505.SZ,20180313,29.6,29.68,28.94,29.24,29.75,-0.51,-1.71,17016.02,49863.463
176,300505.SZ,20180314,29.0,29.47,28.56,28.57,29.24,-0.67,-2.29,13924.0,40272.237
175,300505.SZ,20180315,28.39,28.69,27.06,27.77,28.57,-0.8,-2.8,16630.07,46154.775
174,300505.SZ,20180316,28.0,28.68,27.8,27.82,27.77,0.05,0.18,10446.0,29552.874
173,300505.SZ,20180319,28.09,28.57,27.51,28.23,27.82,0.41,1.47,9416.0,26559.269
172,300505.SZ,20180320,27.69,28.75,27.69,28.6,28.23,0.37,1.31,8826.0,25036.865
171,300505.SZ,20180321,28.64,29.38,27.88,28.01,28.6,-0.59,-2.06,12960.17,37249.098
170,300505.SZ,20180322,28.0,28.68,28.0,28.11,28.01,0.1,0.36,12090.66,34193.88
169,300505.SZ,20180323,27.0,27.36,25.3,25.3,28.11,-2.81,-10.0,20865.1,54762.576
168,300505.SZ,20180326,25.39,25.78,24.08,25.73,25.3,0.43,1.7,12617.86,31593.776
167,300505.SZ,20180327,26.1,26.93,26.1,26.64,25.73,0.91,3.54,11663.3,30964.487
166,300505.SZ,20180328,26.4,27.19,26.11,26.91,26.64,0.27,1.01,11336.66,30442.097
165,300505.SZ,20180329,27.0,27.71,27.0,27.3,26.91,0.39,1.45,12552.0,34298.408
164,300505.SZ,20180330,27.45,28.48,27.4,28.16,27.3,0.86,3.15,15832.0,44281.326
163,300505.SZ,20180402,28.78,28.83,28.13,28.27,28.16,0.11,0.39,15146.0,42991.636
162,300505.SZ,20180403,27.88,27.9,27.24,27.62,28.27,-0.65,-2.3,12882.01,35515.306
161,300505.SZ,20180404,27.86,30.3,27.85,28.47,27.62,0.85,3.08,31506.01,91174.296
160,300505.SZ,20180409,27.62,28.46,27.05,28.1,28.47,-0.37,-1.3,19142.01,53217.058
159,300505.SZ,20180410,27.99,28.19,27.07,27.58,28.1,-0.52,-1.85,16792.01,46331.211
158,300505.SZ,20180411,27.71,30.08,27.71,29.16,27.58,1.58,5.73,42540.0,123221.876
157,300505.SZ,20180412,28.92,30.5,28.58,30.5,29.16,1.34,4.6,49791.1,147602.659
156,300505.SZ,20180413,30.78,30.81,29.5,30.03,30.5,-0.47,-1.54,29547.0,88603.901
155,300505.SZ,20180416,29.48,29.9,28.8,29.03,30.03,-1.0,-3.33,20386.0,59596.176
154,300505.SZ,20180417,29.1,29.43,27.9,28.14,29.03,-0.89,-3.07,14738.0,42221.14
153,300505.SZ,20180418,28.4,28.64,26.51,28.22,28.14,0.08,0.28,18766.23,52076.411
152,300505.SZ,20180419,28.2,28.39,27.8,27.81,28.22,-0.41,-1.45,12223.0,34304.109
151,300505.SZ,20180420,27.6,28.0,26.5,26.64,27.81,-1.17,-4.21,13902.0,37714.644
150,300505.SZ,20180423,26.79,27.28,26.15,26.84,26.64,0.2,0.75,9175.0,24474.398
149,300505.SZ,20180424,26.93,27.6,26.7,27.6,26.84,0.76,2.83,10934.0,29891.193
148,300505.SZ,20180425,27.48,27.79,27.09,27.5,27.6,-0.1,-0.36,10733.0,29436.907
147,300505.SZ,20180426,27.42,27.6,26.24,26.25,27.5,-1.25,-4.55,12701.0,34073.384
146,300505.SZ,20180427,26.56,26.59,26.09,26.39,26.25,0.14,0.53,7149.0,18840.846
145,300505.SZ,20180502,26.87,26.88,26.0,26.51,26.39,0.12,0.45,6080.0,16109.436
144,300505.SZ,20180503,26.39,26.95,25.76,26.95,26.51,0.44,1.66,10450.0,27596.363
143,300505.SZ,20180504,27.25,29.0,26.51,28.57,26.95,1.62,6.01,33576.17,95380.191
142,300505.SZ,20180507,28.7,29.9,28.02,29.2,28.57,0.63,2.21,30702.17,88673.517
141,300505.SZ,20180508,28.7,29.16,28.58,28.87,29.2,-0.33,-1.13,18724.0,53941.09
140,300505.SZ,20180509,29.0,30.29,28.71,29.61,28.87,0.74,2.56,35272.0,104892.614
139,300505.SZ,20180510,29.78,31.5,29.62,29.76,29.61,0.15,0.51,44917.91,136365.84
138,300505.SZ,20180511,29.55,29.88,28.3,28.72,29.76,-1.04,-3.49,33137.91,95298.47
137,300505.SZ,20180514,28.46,28.98,28.13,28.42,28.72,-0.3,-1.04,18640.45,53164.364
136,300505.SZ,20180515,28.24,29.49,28.24,29.42,28.42,1.0,3.52,22517.21,65432.84
135,300505.SZ,20180516,29.06,29.75,28.44,28.65,29.29,-0.64,-2.19,19411.92,56274.44
134,300505.SZ,20180517,28.65,29.39,28.1,29.28,28.65,0.63,2.2,25292.84,72999.866
133,300505.SZ,20180518,29.23,29.95,28.78,29.95,29.28,0.67,2.29,33231.02,97934.477
132,300505.SZ,20180521,30.38,32.6,30.15,30.85,29.95,0.9,3.01,49371.83,153096.73
131,300505.SZ,20180522,31.2,31.87,30.5,31.61,30.85,0.76,2.46,46053.0,143865.543
130,300505.SZ,20180523,31.33,31.34,30.05,30.17,31.61,-1.44,-4.56,32410.0,99525.951
129,300505.SZ,20180524,29.87,30.8,29.87,30.4,30.17,0.23,0.76,18299.64,55556.223
128,300505.SZ,20180525,30.35,31.85,30.03,31.52,30.4,1.12,3.68,45742.37,142980.434
127,300505.SZ,20180528,31.87,32.19,30.86,30.87,31.52,-0.65,-2.06,34377.64,108317.001
126,300505.SZ,20180529,30.51,31.31,29.58,29.64,30.87,-1.23,-3.98,27334.64,83055.965
125,300505.SZ,20180530,27.66,28.9,26.68,26.69,29.64,-2.95,-9.95,29578.0,81802.481
124,300505.SZ,20180531,27.2,27.5,26.7,27.18,26.69,0.49,1.84,15629.0,42375.663
123,300505.SZ,20180601,27.13,27.58,26.0,26.51,27.18,-0.67,-2.47,16381.0,43946.494
122,300505.SZ,20180604,26.84,27.26,26.6,26.75,26.51,0.24,0.91,10066.7,27055.605
121,300505.SZ,20180605,27.2,27.74,27.0,27.74,26.75,0.99,3.7,13848.7,38003.923
120,300505.SZ,20180606,28.06,28.96,27.6,28.58,27.74,0.84,3.03,22719.7,64362.177
119,300505.SZ,20180607,28.6,29.97,28.0,28.95,28.58,0.37,1.29,28865.8,83873.014
118,300505.SZ,20180608,28.6,31.28,28.31,30.58,28.95,1.63,5.63,51958.79,154851.985
117,300505.SZ,20180611,29.99,31.03,29.5,31.03,30.58,0.45,1.47,43768.0,132687.309
116,300505.SZ,20180612,31.3,31.88,29.85,30.51,31.03,-0.52,-1.68,43210.3,132967.815
115,300505.SZ,20180613,30.0,30.3,29.45,29.85,30.51,-0.66,-2.16,27994.0,83386.717
114,300505.SZ,20180614,29.88,32.33,29.6,30.9,29.85,1.05,3.52,62488.52,195036.978
113,300505.SZ,20180615,30.5,31.29,29.42,31.29,30.9,0.39,1.26,46097.3,139670.991
112,300505.SZ,20180619,30.12,31.18,28.16,28.16,31.29,-3.13,-10.0,34927.0,103902.156
111,300505.SZ,20180620,27.68,30.98,27.68,30.98,28.16,2.82,10.01,57859.08,176160.469
110,300505.SZ,20180621,32.85,33.5,30.98,31.32,30.98,0.34,1.1,106754.32,344095.174
109,300505.SZ,20180622,29.78,34.3,29.71,32.99,31.32,1.67,5.33,108611.17,353221.026
108,300505.SZ,20180625,32.0,33.93,32.0,32.36,32.99,-0.63,-1.91,78812.42,258656.754
107,300505.SZ,20180626,32.6,35.6,32.6,35.6,32.36,3.24,10.01,84691.26,288389.003
106,300505.SZ,20180627,36.5,37.84,34.39,34.55,35.6,-1.05,-2.95,126583.75,456494.757
105,300505.SZ,20180628,35.1,35.8,33.68,33.91,34.55,-0.64,-1.85,67872.45,236808.587
104,300505.SZ,20180629,32.78,34.65,32.4,34.1,33.91,0.19,0.56,71622.91,240383.531
103,300505.SZ,20180702,33.75,35.79,33.75,34.76,34.1,0.66,1.94,68145.19,237157.591
102,300505.SZ,20180703,34.33,35.15,33.0,34.53,34.76,-0.23,-0.66,54746.73,186589.677
101,300505.SZ,20180704,34.03,35.88,33.7,35.3,34.53,0.77,2.23,80794.5,283871.108
100,300505.SZ,20180705,34.6,34.82,31.77,31.77,35.3,-3.53,-10.0,62031.0,202020.962
99,300505.SZ,20180706,31.4,32.35,29.88,31.37,31.77,-0.4,-1.26,51461.31,161102.997
98,300505.SZ,20180709,31.09,32.1,31.09,31.9,31.37,0.53,1.69,32456.73,103004.9
97,300505.SZ,20180710,31.91,33.33,31.8,33.17,31.9,1.27,3.98,50215.8,163496.283
96,300505.SZ,20180711,32.0,32.39,30.03,31.53,33.17,-1.64,-4.94,42064.01,132119.344
95,300505.SZ,20180712,31.67,32.85,31.67,32.5,31.53,0.97,3.08,40712.0,131798.628
94,300505.SZ,20180713,32.39,32.39,31.2,31.52,32.5,-0.98,-3.02,35873.53,113647.696
93,300505.SZ,20180716,31.68,32.08,30.67,31.31,31.52,-0.21,-0.67,24433.5,76333.129
92,300505.SZ,20180717,31.73,32.84,31.0,32.69,31.31,1.38,4.41,44854.97,143639.394
91,300505.SZ,20180718,32.8,33.17,32.03,32.7,32.69,0.01,0.03,41192.03,133903.086
90,300505.SZ,20180719,32.39,32.5,31.39,32.22,32.7,-0.48,-1.47,26721.78,85579.548
89,300505.SZ,20180720,32.01,32.55,31.41,32.25,32.22,0.03,0.0931,24534.7,78872.304
88,300505.SZ,20180723,31.83,32.65,31.61,31.8,32.25,-0.45,-1.3953,23503.69,75143.236
87,300505.SZ,20180724,32.56,32.9,31.4,31.51,31.8,-0.29,-0.9119,30385.84,96971.754
86,300505.SZ,20180725,30.99,31.31,29.35,29.97,31.51,-1.54,-4.8873,45468.68,137842.446
85,300505.SZ,20180726,29.86,29.94,28.83,29.13,29.97,-0.84,-2.8028,27750.43,80909.896
84,300505.SZ,20180727,29.12,29.3,28.5,29.17,29.13,0.04,0.1373,18879.04,54855.737
83,300505.SZ,20180730,29.3,29.85,29.18,29.51,29.17,0.34,1.1656,18883.06,55707.868
82,300505.SZ,20180731,29.79,29.79,28.55,28.65,29.51,-0.86,-2.9143,13944.92,40473.183
81,300505.SZ,20180801,28.93,28.93,27.07,27.13,28.65,-1.52,-5.3054,18926.92,52884.067
80,300505.SZ,20180802,27.31,27.33,24.9,25.63,27.13,-1.5,-5.5289,25930.53,66547.427
79,300505.SZ,20180803,25.56,25.79,24.92,24.93,25.63,-0.7,-2.7312,14043.0,35388.104
78,300505.SZ,20180806,25.01,25.51,24.51,24.7,24.93,-0.23,-0.9226,11596.0,28924.38
77,300505.SZ,20180807,24.78,26.36,24.75,26.11,24.7,1.41,5.7085,24296.7,62375.368
76,300505.SZ,20180808,26.13,26.29,25.36,25.58,26.11,-0.53,-2.0299,17159.0,44351.352
75,300505.SZ,20180809,25.49,26.28,25.18,25.88,25.58,0.3,1.1728,14764.7,38368.528
74,300505.SZ,20180810,26.0,26.46,25.95,26.13,25.88,0.25,0.966,12118.51,31780.727
73,300505.SZ,20180813,25.13,26.16,25.0,25.95,26.13,-0.18,-0.6889,12539.0,32077.752
72,300505.SZ,20180814,26.12,26.93,26.0,26.68,25.95,0.73,2.8131,20005.0,53055.503
71,300505.SZ,20180815,26.67,26.86,26.08,26.3,26.68,-0.38,-1.4243,13923.0,36689.441
70,300505.SZ,20180816,26.29,26.29,25.1,25.1,26.3,-1.2,-4.5627,15221.7,38984.164
69,300505.SZ,20180817,25.19,25.6,24.98,24.98,25.1,-0.12,-0.4781,15150.7,38268.495
68,300505.SZ,20180820,24.93,25.33,24.5,25.19,24.98,0.21,0.8407,11551.0,28816.205
67,300505.SZ,20180821,25.11,25.5,25.11,25.37,25.19,0.18,0.7146,8856.0,22442.461
66,300505.SZ,20180822,25.39,25.39,24.59,24.65,25.37,-0.72,-2.838,10432.0,25992.695
65,300505.SZ,20180823,24.16,25.18,24.16,25.01,24.65,0.36,1.4604,9897.0,24687.713
64,300505.SZ,20180824,25.36,25.36,24.7,24.8,25.01,-0.21,-0.8397,7413.0,18462.595
63,300505.SZ,20180827,24.97,25.3,24.66,25.2,24.8,0.4,1.6129,9046.7,22694.207
62,300505.SZ,20180828,25.33,25.33,25.08,25.16,25.2,-0.04,-0.1587,7876.0,19840.554
61,300505.SZ,20180829,25.03,25.14,24.75,24.83,25.16,-0.33,-1.3116,6775.49,16842.986
60,300505.SZ,20180830,24.66,24.99,23.89,23.93,24.83,-0.9,-3.6246,15112.0,36668.248
59,300505.SZ,20180831,23.88,24.63,23.85,24.17,23.93,0.24,1.0029,10247.03,24884.171
58,300505.SZ,20180903,24.0,24.23,23.5,23.92,24.17,-0.25,-1.0343,8033.0,19073.241
57,300505.SZ,20180904,23.81,24.27,23.81,24.1,23.92,0.18,0.7525,6600.0,15872.587
56,300505.SZ,20180905,24.05,24.14,23.03,23.11,24.1,-0.99,-4.1079,12176.0,28692.713
55,300505.SZ,20180906,23.11,23.53,22.88,23.06,23.11,-0.05,-0.2164,8430.0,19584.66
54,300505.SZ,20180907,23.13,23.49,22.88,23.01,23.06,-0.05,-0.2168,6758.0,15655.453
53,300505.SZ,20180910,23.09,23.16,22.12,22.25,23.01,-0.76,-3.3029,8960.43,20164.513
52,300505.SZ,20180911,22.26,22.4,22.1,22.18,22.25,-0.07,-0.3146,7001.0,15551.189
51,300505.SZ,20180912,22.25,22.42,22.05,22.29,22.18,0.11,0.4959,7869.0,17532.943
50,300505.SZ,20180913,22.53,22.53,22.1,22.42,22.29,0.13,0.5832,7858.0,17565.549
49,300505.SZ,20180914,22.53,22.55,21.8,21.92,22.42,-0.5,-2.2302,7678.0,17060.236
48,300505.SZ,20180917,21.92,22.11,21.59,21.61,21.92,-0.31,-1.4142,5572.53,12155.472
47,300505.SZ,20180918,21.77,22.08,21.45,21.96,21.61,0.35,1.6196,7456.86,16276.437
46,300505.SZ,20180919,21.68,24.0,21.68,23.06,21.96,1.1,5.0091,23082.08,53176.612
45,300505.SZ,20180920,22.82,22.87,22.38,22.61,23.06,-0.45,-1.9514,14800.9,33426.97
44,300505.SZ,20180921,22.55,22.87,22.47,22.81,22.61,0.2,0.8846,10437.0,23714.739
43,300505.SZ,20180925,22.88,23.49,22.88,23.25,22.81,0.44,1.929,14497.0,33659.592
42,300505.SZ,20180926,23.4,23.57,23.11,23.45,23.25,0.2,0.8602,14369.78,33592.449
41,300505.SZ,20180927,23.67,25.0,23.31,23.4,23.45,-0.05,-0.2132,21293.9,51258.477
40,300505.SZ,20180928,23.44,24.99,23.44,24.79,23.4,1.39,5.9402,29848.21,72960.59
39,300505.SZ,20181008,24.31,24.7,23.86,23.88,24.79,-0.91,-3.6708,17900.01,43416.249
38,300505.SZ,20181009,24.11,24.25,23.58,24.06,23.88,0.18,0.7538,14524.0,34745.972
37,300505.SZ,20181010,24.12,24.96,24.08,24.33,24.06,0.27,1.1222,20624.92,50508.626
36,300505.SZ,20181011,23.3,23.3,21.9,21.9,24.33,-2.43,-9.9877,20714.0,46424.703
35,300505.SZ,20181012,21.69,21.88,20.21,21.38,21.9,-0.52,-2.3744,18305.93,38769.735
34,300505.SZ,20181015,21.39,21.98,21.03,21.06,21.38,-0.32,-1.4967,10562.35,22766.46
33,300505.SZ,20181016,21.3,21.49,20.81,21.07,21.06,0.01,0.0475,11284.93,23934.641
32,300505.SZ,20181017,21.3,21.49,19.7,20.79,21.07,-0.28,-1.3289,15527.5,32041.977
31,300505.SZ,20181018,20.6,20.66,19.77,20.06,20.79,-0.73,-3.5113,11251.0,22703.779
30,300505.SZ,20181019,20.16,20.5,19.6,20.43,20.06,0.37,1.8445,9761.9,19762.418
29,300505.SZ,20181022,20.81,21.7,20.56,21.3,20.43,0.87,4.2584,16313.0,34587.522
28,300505.SZ,20181023,21.3,21.5,20.87,20.9,21.3,-0.4,-1.8779,10307.0,21808.266
27,300505.SZ,20181024,20.95,22.22,20.88,21.43,20.9,0.53,2.5359,19642.0,42448.521
26,300505.SZ,20181025,20.0,20.96,19.71,20.81,21.43,-0.62,-2.8931,13119.0,26844.779
25,300505.SZ,20181026,20.85,21.44,20.85,20.9,20.81,0.09,0.4325,8739.0,18381.653
24,300505.SZ,20181029,20.91,21.4,20.85,21.07,20.9,0.17,0.8134,9923.7,20968.381
23,300505.SZ,20181030,20.83,21.14,20.22,21.03,21.07,-0.04,-0.1898,11967.0,24803.971
22,300505.SZ,20181031,21.03,23.13,21.03,21.9,21.03,0.87,4.1369,32059.38,71091.718
21,300505.SZ,20181101,21.8,22.5,21.71,22.17,21.9,0.27,1.2329,25747.48,57015.717
20,300505.SZ,20181102,22.5,22.77,22.07,22.51,22.17,0.34,1.5336,28189.7,63059.736
19,300505.SZ,20181105,23.0,23.0,22.15,22.51,22.51,0.0,0.0,22457.6,50603.495
18,300505.SZ,20181106,22.27,22.35,21.5,22.08,22.51,-0.43,-1.9103,18100.03,39639.724
17,300505.SZ,20181107,22.16,22.37,21.72,21.88,22.08,-0.2,-0.9058,15078.98,33313.348
16,300505.SZ,20181108,22.2,24.07,21.84,24.07,21.88,2.19,10.0091,53131.17,122915.044
15,300505.SZ,20181109,24.6,26.48,24.33,26.48,24.07,2.41,10.0125,82024.12,208110.891
14,300505.SZ,20181112,27.9,29.13,26.6,29.13,26.48,2.65,10.0076,71181.93,199014.268
13,300505.SZ,20181113,30.04,32.04,30.0,32.04,29.13,2.91,9.9897,153436.34,478862.145
12,300505.SZ,20181114,30.25,31.43,30.19,31.01,32.04,-1.03,-3.2147,112593.77,347157.689
11,300505.SZ,20181115,32.78,32.98,30.18,30.61,31.01,-0.4,-1.2899,135978.99,428136.238
10,300505.SZ,20181116,29.6,31.65,29.51,31.33,30.61,0.72,2.3522,113987.47,349806.624
9,300505.SZ,20181119,31.0,33.5,30.71,31.67,31.33,0.34,1.0852,130807.97,419618.357
8,300505.SZ,20181120,30.92,32.6,30.0,32.1,31.67,0.43,1.3578,103282.85,321489.645
7,300505.SZ,20181121,31.5,31.5,30.3,31.39,32.1,-0.71,-2.2118,70989.66,219667.562
6,300505.SZ,20181122,32.02,32.11,28.25,28.25,31.39,-3.14,-10.0032,94557.35,282645.319
5,300505.SZ,20181123,27.5,27.9,25.44,26.0,28.25,-2.25,-7.9646,75247.91,200046.172
4,300505.SZ,20181126,25.43,25.9,24.31,24.68,26.0,-1.32,-5.0769,56395.83,140939.084
3,300505.SZ,20181127,24.95,25.07,24.27,24.79,24.68,0.11,0.4457,37358.68,92200.302
2,300505.SZ,20181128,24.8,25.19,24.1,25.18,24.79,0.39,1.5732,43860.01,108749.312
1,300505.SZ,20181129,25.29,25.38,23.7,23.7,25.18,-1.48,-5.8777,44561.68,109581.762
0,300505.SZ,20181130,23.46,23.98,23.1,23.92,23.7,0.22,0.9283,32133.68,75734.529
19,300505.SZ,20181203,24.42,24.83,24.1,24.55,23.92,0.63,2.6338,38802.66,94926.062
18,300505.SZ,20181204,24.46,25.18,24.34,24.95,24.55,0.4,1.6293,38142.51,94697.44
17,300505.SZ,20181205,24.12,24.65,23.88,24.49,24.95,-0.46,-1.8437,24868.02,60658.28
16,300505.SZ,20181206,24.48,24.8,24.04,24.16,24.49,-0.33,-1.3475,19519.01,47568.357
15,300505.SZ,20181207,24.39,24.39,23.94,24.07,24.16,-0.09,-0.3725,14098.0,34000.604
14,300505.SZ,20181210,23.5,23.75,22.61,22.9,24.07,-1.17,-4.8608,27675.51,63868.644
13,300505.SZ,20181211,23.17,24.22,23.0,24.21,22.9,1.31,5.7205,42087.4,100248.887
12,300505.SZ,20181212,24.27,24.37,23.8,23.95,24.21,-0.26,-1.0739,25312.19,60849.208
11,300505.SZ,20181213,24.13,24.19,23.59,23.8,23.95,-0.15,-0.6263,21726.0,51899.854
10,300505.SZ,20181214,23.88,24.05,22.93,23.02,23.8,-0.78,-3.2773,21510.38,50494.469
9,300505.SZ,20181217,23.11,24.93,22.98,23.95,23.02,0.93,4.04,33201.37,79656.943
8,300505.SZ,20181218,24.38,24.4,23.51,23.75,23.95,-0.2,-0.8351,26069.37,62774.499
7,300505.SZ,20181219,23.49,23.98,23.2,23.41,23.75,-0.34,-1.4316,17961.51,42361.918
6,300505.SZ,20181220,23.15,24.28,23.15,24.2,23.41,0.79,3.3746,28408.0,67754.023
5,300505.SZ,20181221,24.02,24.54,23.86,24.22,24.2,0.02,0.0826,29809.54,72087.455
4,300505.SZ,20181224,24.08,24.97,23.99,24.97,24.22,0.75,3.0966,39434.68,97108.349
3,300505.SZ,20181225,24.4,24.88,24.1,24.72,24.97,-0.25,-1.0012,29971.68,73311.67
2,300505.SZ,20181226,24.72,25.39,24.51,24.7,24.72,-0.02,-0.0809,40186.01,100287.597
1,300505.SZ,20181227,24.99,25.15,23.44,23.44,24.7,-1.26,-5.1012,33682.01,81495.54
0,300505.SZ,20181228,23.44,23.77,22.18,22.27,23.44,-1.17,-4.9915,29727.0,68112.027
5,300505.SZ,20190102,22.35,23.46,22.35,23.2,22.27,0.93,4.176,31466.51,72581.711
4,300505.SZ,20190103,23.47,24.01,22.89,22.92,23.2,-0.28,-1.2069,28718.51,67815.397
3,300505.SZ,20190104,22.0,24.2,22.0,23.8,22.92,0.88,3.8394,29105.85,68638.775
2,300505.SZ,20190107,24.46,24.49,23.66,23.8,23.8,0.0,0.0,25406.0,60817.893
1,300505.SZ,20190108,23.84,23.98,23.28,23.47,23.8,-0.33,-1.3866,21887.0,51424.254
0,300505.SZ,20190109,23.52,23.85,23.13,23.56,23.47,0.09,0.3835,24226.86,57135.346
4,300505.SZ,20190110,23.31,23.74,23.2,23.4,23.56,-0.16,-0.6791,21718.79,50831.415
3,300505.SZ,20190111,23.77,24.32,23.16,24.31,23.4,0.91,3.8889,47898.79,114142.404
2,300505.SZ,20190114,24.05,24.25,23.43,23.48,24.31,-0.83,-3.4142,29339.0,69761.535
1,300505.SZ,20190115,23.4,23.98,23.3,23.81,23.48,0.33,1.4055,20200.79,47904.592
0,300505.SZ,20190116,23.82,24.12,23.64,23.95,23.81,0.14,0.588,23834.0,56877.263
0,300505.SZ,20190117,24.01,24.01,23.31,23.34,23.95,-0.61,-2.547,19010.0,44809.904
0,300505.SZ,20190118,23.62,23.7,23.28,23.52,23.34,0.18,0.7712,14795.0,34748.227
