,time,price,change,volume,amount,type
0,09:25:04,26.38,0.37,50,131900,卖盘
1,09:30:00,26.37,-0.01,5,13185,中性盘
2,09:30:04,26.35,-0.02,133,350373,中性盘
3,09:30:06,26.3,-0.05,1,2630,中性盘
4,09:30:09,26.29,-0.01,6,15774,卖盘
5,09:30:15,26.23,-0.06,2,5252,卖盘
6,09:30:21,26.3,0.07,33,86737,买盘
7,09:30:24,26.3,0.0,1,2630,买盘
8,09:30:27,26.2,-0.1,20,52455,卖盘
9,09:30:30,26.2,0.0,43,112660,买盘
10,09:30:33,26.18,-0.02,38,99548,中性盘
11,09:30:36,26.09,-0.09,47,123953,卖盘
12,09:30:39,26.2,0.11,32,83840,买盘
13,09:30:42,26.2,0.0,3,7856,买盘
14,09:30:45,26.18,-0.02,16,41902,买盘
15,09:30:51,26.2,0.02,10,26196,买盘
16,09:30:54,26.18,-0.02,5,13096,中性盘
17,09:30:57,26.2,0.02,2,5240,买盘
18,09:31:01,26.2,0.0,3,7860,买盘
19,09:31:06,26.2,0.0,6,15720,买盘
20,09:31:09,26.2,0.0,76,199120,买盘
21,09:31:13,26.2,0.0,7,18337,卖盘
22,09:31:15,26.2,0.0,2,5240,买盘
23,09:31:18,26.19,-0.01,3,7857,卖盘
24,09:31:21,26.19,0.0,1,2619,买盘
25,09:31:25,26.2,0.01,50,131000,买盘
26,09:31:27,26.2,0.0,6,15716,买盘
27,09:31:30,26.18,-0.02,31,81168,卖盘
28,09:31:33,26.15,-0.03,2,5230,卖盘
29,09:31:36,26.13,-0.02,1,2613,卖盘
30,09:31:39,26.12,-0.01,2,5224,卖盘
31,09:31:43,26.13,0.01,21,54829,买盘
32,09:31:46,26.13,0.0,5,13066,卖盘
33,09:31:48,26.15,0.02,16,41816,买盘
34,09:31:51,26.13,-0.02,28,73164,卖盘
35,09:31:54,26.12,-0.01,23,60116,卖盘
36,09:31:57,26.12,0.0,8,20897,卖盘
37,09:32:00,26.1,-0.02,24,62694,卖盘
38,09:32:03,26.1,0.0,4,10440,卖盘
39,09:32:07,26.1,0.0,3,7830,买盘
40,09:32:09,26.12,0.02,10,26114,买盘
41,09:32:12,26.1,-0.02,2,5218,中性盘
42,09:32:15,26.1,0.0,3,7830,卖盘
43,09:32:18,26.1,0.0,18,47008,买盘
44,09:32:21,26.13,0.03,13,33960,买盘
45,09:32:27,26.12,-0.01,2,5222,中性盘
46,09:32:33,26.11,-0.01,18,47010,卖盘
47,09:32:36,26.1,-0.01,6,15664,卖盘
48,09:32:39,26.1,0.0,3,7830,卖盘
49,09:32:42,26.1,0.0,1,2610,卖盘
50,09:32:45,26.1,0.0,22,57422,卖盘
51,09:32:48,26.11,0.01,38,99181,买盘
52,09:32:51,26.1,-0.01,71,185318,卖盘
53,09:32:55,26.1,0.0,3,7830,买盘
54,09:32:57,26.1,0.0,8,20876,买盘
55,09:33:00,26.1,0.0,45,117451,卖盘
56,09:33:03,26.11,0.01,18,46981,买盘
57,09:33:07,26.11,0.0,16,41770,买盘
58,09:33:12,26.1,-0.01,3,7830,卖盘
59,09:33:16,26.11,0.01,9,23499,买盘
60,09:33:18,26.1,-0.01,21,54827,卖盘
61,09:33:24,26.1,0.0,9,23496,卖盘
62,09:33:27,26.12,0.02,9,23504,买盘
63,09:33:34,26.12,0.0,1,2612,买盘
64,09:33:36,26.12,0.0,2,5223,买盘
65,09:33:39,26.11,-0.01,5,13055,卖盘
66,09:33:42,26.1,-0.01,39,101790,卖盘
67,09:33:45,26.1,0.0,80,208825,卖盘
68,09:33:49,26.1,0.0,24,62640,卖盘
69,09:33:51,26.1,0.0,29,75690,卖盘
70,09:33:55,26.09,-0.01,10,26090,卖盘
71,09:33:57,26.09,0.0,18,46957,买盘
72,09:34:00,26.09,0.0,5,13041,买盘
73,09:34:03,26.08,-0.01,16,41728,卖盘
74,09:34:06,26.08,0.0,5,13037,买盘
75,09:34:09,26.08,0.0,2,5216,买盘
76,09:34:13,26.08,0.0,37,96496,买盘
77,09:34:15,26.08,0.0,58,151264,买盘
78,09:34:18,26.12,0.04,34,88681,买盘
79,09:34:21,26.07,-0.05,5,13043,卖盘
80,09:34:24,26.15,0.08,2,5230,买盘
81,09:34:27,26.15,0.0,16,41815,买盘
82,09:34:33,26.15,0.0,13,33995,买盘
83,09:34:36,26.1,-0.05,3,7835,中性盘
84,09:34:39,26.15,0.05,4,10460,买盘
85,09:34:48,26.14,-0.01,10,26140,买盘
86,09:34:51,26.14,0.0,1,2614,买盘
87,09:34:54,26.15,0.01,13,33994,买盘
88,09:35:00,26.14,-0.01,12,31368,买盘
89,09:35:04,26.15,0.01,5,13075,买盘
90,09:35:06,26.15,0.0,22,57530,买盘
91,09:35:09,26.14,-0.01,49,128179,卖盘
92,09:35:12,26.17,0.03,13,34021,买盘
93,09:35:19,26.17,0.0,1,2617,买盘
94,09:35:21,26.16,-0.01,14,36621,买盘
95,09:35:24,26.17,0.01,10,26170,买盘
96,09:35:27,26.15,-0.02,27,70631,卖盘
97,09:35:30,26.17,0.02,20,52339,买盘
98,09:35:33,26.16,-0.01,1,2616,中性盘
99,09:35:36,26.16,0.0,3,7850,卖盘
100,09:35:39,26.17,0.01,2,5234,买盘
101,09:35:42,26.16,-0.01,1,2616,卖盘
102,09:35:45,26.17,0.01,12,31401,买盘
103,09:35:48,26.17,0.0,3,7851,买盘
104,09:35:51,26.17,0.0,101,264414,买盘
105,09:35:54,26.16,-0.01,15,39242,卖盘
106,09:35:57,26.15,-0.01,19,49685,卖盘
107,09:36:00,26.15,0.0,1,2615,中性盘
108,09:36:04,26.14,-0.01,17,44445,卖盘
109,09:36:06,26.13,-0.01,21,54873,卖盘
110,09:36:10,26.12,-0.01,19,49653,卖盘
111,09:36:12,26.11,-0.01,11,28732,卖盘
112,09:36:15,26.1,-0.01,12,31323,卖盘
113,09:36:18,26.1,0.0,5,13050,卖盘
114,09:36:21,26.09,-0.01,46,120022,卖盘
115,09:36:24,26.09,0.0,3,7827,中性盘
116,09:36:28,26.08,-0.01,15,39130,卖盘
117,09:36:30,26.06,-0.02,4,10427,卖盘
118,09:36:33,26.06,0.0,17,44332,卖盘
119,09:36:36,26.07,0.01,11,28685,卖盘
120,09:36:39,26.07,0.0,2,5214,卖盘
121,09:36:45,26.08,0.01,1,2608,买盘
122,09:36:48,26.07,-0.01,1,2607,卖盘
123,09:36:51,26.05,-0.02,72,187577,卖盘
124,09:36:54,26.05,0.0,7,18231,买盘
125,09:36:57,26.04,-0.01,7,18229,卖盘
126,09:37:00,26.03,-0.01,20,52071,卖盘
127,09:37:03,26.02,-0.01,45,117119,卖盘
128,09:37:06,26.04,0.02,10,26040,买盘
129,09:37:10,26.04,0.0,5,13020,买盘
130,09:37:12,26.0,-0.04,262,681410,卖盘
131,09:37:15,26.02,0.02,16,41612,买盘
132,09:37:19,26.0,-0.02,53,137786,卖盘
133,09:37:21,25.95,-0.05,36,93573,卖盘
134,09:37:24,25.98,0.03,5,12990,买盘
135,09:37:27,25.93,-0.05,1,2593,卖盘
136,09:37:30,25.98,0.05,58,150427,买盘
137,09:37:34,25.93,-0.05,13,33754,中性盘
138,09:37:36,25.98,0.05,23,59714,买盘
139,09:37:39,25.98,0.0,6,15584,卖盘
140,09:37:45,25.98,0.0,8,20784,卖盘
141,09:37:48,25.93,-0.05,7,18172,卖盘
142,09:37:54,25.96,0.03,69,179238,卖盘
143,09:37:57,25.95,-0.01,20,51973,卖盘
144,09:38:01,25.98,0.03,12,31179,中性盘
145,09:38:04,25.96,-0.02,49,127296,卖盘
146,09:38:06,25.97,0.01,5,12984,中性盘
147,09:38:09,25.97,0.0,20,51940,卖盘
148,09:38:12,26.01,0.04,10,26010,买盘
149,09:38:15,26.0,-0.01,21,54601,卖盘
150,09:38:18,26.01,0.01,16,41597,买盘
151,09:38:21,26.01,0.0,8,20810,卖盘
152,09:38:24,26.01,0.0,4,10404,卖盘
153,09:38:27,26.01,0.0,5,13005,买盘
154,09:38:30,26.0,-0.01,5,13000,卖盘
155,09:38:33,25.98,-0.02,5,12992,卖盘
156,09:38:36,26.01,0.03,2,5202,买盘
157,09:38:45,25.99,-0.02,15,38996,卖盘
158,09:38:49,26.01,0.02,10,26007,买盘
159,09:38:51,25.99,-0.02,55,143053,卖盘
160,09:38:54,25.99,0.0,50,129954,卖盘
161,09:39:00,26.0,0.01,3,7800,卖盘
162,09:39:04,25.99,-0.01,2,5198,卖盘
163,09:39:06,25.99,0.0,4,10400,买盘
164,09:39:12,26.01,0.02,1,2601,买盘
165,09:39:15,26.06,0.05,1,2606,买盘
166,09:39:18,26.05,-0.01,2,5211,中性盘
167,09:39:21,26.05,0.0,1,2605,买盘
168,09:39:25,25.99,-0.06,52,135160,卖盘
169,09:39:27,26.05,0.06,2,5210,买盘
170,09:39:30,26.05,0.0,3,7815,买盘
171,09:39:37,26.05,0.0,6,15630,买盘
172,09:39:54,26.01,-0.04,2,5202,卖盘
173,09:39:57,26.0,-0.01,7,18205,卖盘
174,09:40:00,26.01,0.01,1,2601,买盘
175,09:40:04,26.01,0.0,4,10404,卖盘
176,09:40:06,26.01,0.0,2,5202,卖盘
177,09:40:09,26.0,-0.01,12,31223,卖盘
178,09:40:13,26.0,0.0,8,20801,卖盘
179,09:40:15,26.0,0.0,53,137800,卖盘
180,09:40:18,26.0,0.0,13,33808,中性盘
181,09:40:21,25.98,-0.02,70,181918,卖盘
182,09:40:24,26.01,0.03,4,10404,买盘
183,09:40:27,25.98,-0.03,50,129900,卖盘
184,09:40:30,25.97,-0.01,200,519425,卖盘
185,09:40:33,26.01,0.04,44,114413,买盘
186,09:40:36,26.01,0.0,38,98838,卖盘
187,09:40:39,25.97,-0.04,7,18179,卖盘
188,09:40:45,26.0,0.03,6,15600,买盘
189,09:40:49,25.96,-0.04,122,316823,卖盘
190,09:40:51,25.95,-0.01,29,75259,卖盘
191,09:40:54,25.95,0.0,2,5190,卖盘
192,09:40:57,25.94,-0.01,5,12972,卖盘
193,09:41:00,25.94,0.0,4,10376,卖盘
194,09:41:04,25.94,0.0,3,7782,卖盘
195,09:41:06,25.92,-0.02,91,235883,卖盘
196,09:41:09,25.91,-0.01,277,717677,卖盘
197,09:41:13,25.88,-0.03,106,274500,卖盘
198,09:41:15,25.84,-0.04,6,15509,卖盘
199,09:41:18,25.86,0.02,19,49079,买盘
200,09:41:21,25.81,-0.05,10,25829,卖盘
201,09:41:24,25.8,-0.01,65,167752,卖盘
202,09:41:27,25.8,0.0,25,64506,卖盘
203,09:41:31,25.8,0.0,22,56755,卖盘
204,09:41:33,25.79,-0.01,16,41280,卖盘
205,09:41:36,25.8,0.01,3,7740,中性盘
206,09:41:39,25.79,-0.01,8,20637,卖盘
207,09:41:42,25.79,0.0,1,2579,卖盘
208,09:41:45,25.76,-0.03,22,56700,卖盘
209,09:41:48,25.76,0.0,4,10298,买盘
210,09:41:52,25.76,0.0,49,126224,买盘
211,09:41:54,25.76,0.0,4,10304,卖盘
212,09:41:58,25.77,0.01,15,38667,卖盘
213,09:42:00,25.78,0.01,53,136669,买盘
214,09:42:04,25.78,0.0,138,355284,中性盘
215,09:42:06,25.78,0.0,54,139212,卖盘
216,09:42:09,25.78,0.0,41,105704,卖盘
217,09:42:12,25.8,0.02,3,7740,买盘
218,09:42:15,25.84,0.04,39,100640,买盘
219,09:42:18,25.89,0.05,34,87832,买盘
220,09:42:21,25.8,-0.09,16,41293,卖盘
221,09:42:24,25.88,0.08,1,2588,买盘
222,09:42:27,25.8,-0.08,50,129000,卖盘
223,09:42:31,25.8,0.0,10,25800,卖盘
224,09:42:34,25.88,0.08,7,18116,买盘
225,09:42:36,25.82,-0.06,1,2582,中性盘
226,09:42:42,25.83,0.01,2,5166,中性盘
227,09:42:45,25.82,-0.01,7,18076,卖盘
228,09:42:48,25.86,0.04,1,2586,买盘
229,09:42:51,25.8,-0.06,144,371686,卖盘
230,09:42:54,25.8,0.0,17,43859,买盘
231,09:42:58,25.8,0.0,16,42106,买盘
232,09:43:00,25.86,0.06,1,2586,中性盘
233,09:43:09,25.82,-0.04,8,20650,买盘
234,09:43:12,25.8,-0.02,41,104954,卖盘
235,09:43:15,25.8,0.0,8,20639,买盘
236,09:43:18,25.8,0.0,93,239828,买盘
237,09:43:21,25.8,0.0,11,28380,买盘
238,09:43:24,25.79,-0.01,27,69656,中性盘
239,09:43:27,25.8,0.01,1,2580,买盘
240,09:43:30,25.8,0.0,20,50852,买盘
241,09:43:36,25.8,0.0,4,10320,卖盘
242,09:43:39,25.82,0.02,2,5164,买盘
243,09:43:42,25.82,0.0,5,12910,卖盘
244,09:43:45,25.82,0.0,3,7746,卖盘
245,09:43:48,25.8,-0.02,16,41280,卖盘
246,09:43:51,25.8,0.0,26,67828,卖盘
247,09:43:54,25.79,-0.01,50,128909,中性盘
248,09:43:57,25.76,-0.03,19,48989,卖盘
249,09:44:00,25.76,0.0,9,23184,卖盘
250,09:44:04,25.75,-0.01,6,15454,卖盘
251,09:44:06,25.76,0.01,2,5152,买盘
252,09:44:09,25.74,-0.02,3,7726,卖盘
253,09:44:12,25.74,0.0,3,7722,买盘
254,09:44:15,25.74,0.0,4,10296,买盘
255,09:44:18,25.74,0.0,6,15444,买盘
256,09:44:21,25.75,0.01,3,7725,买盘
257,09:44:24,25.78,0.03,71,182648,中性盘
258,09:44:27,25.75,-0.03,1,2575,中性盘
259,09:44:30,25.75,0.0,4,10298,买盘
260,09:44:33,25.75,0.0,1,2575,买盘
261,09:44:36,25.75,0.0,2,5150,买盘
262,09:44:39,25.73,-0.02,6,15440,卖盘
263,09:44:42,25.75,0.02,24,61769,买盘
264,09:44:48,25.75,0.0,7,18012,买盘
265,09:44:54,25.7,-0.05,51,131070,卖盘
266,09:44:57,25.7,0.0,83,212570,买盘
267,09:45:04,25.75,0.05,1,2575,买盘
268,09:45:09,25.75,0.0,2,5148,买盘
269,09:45:18,25.73,-0.02,15,38602,卖盘
270,09:45:21,25.71,-0.02,5,12855,卖盘
271,09:45:24,25.71,0.0,10,25710,卖盘
272,09:45:27,25.72,0.01,4,10291,中性盘
273,09:45:30,25.72,0.0,11,28302,卖盘
274,09:45:36,25.72,0.0,1,2572,卖盘
275,09:45:39,25.72,0.0,5,12860,买盘
276,09:45:42,25.72,0.0,23,59148,买盘
277,09:45:45,25.73,0.01,1,2573,买盘
278,09:45:51,25.73,0.0,58,149146,买盘
279,09:45:54,25.71,-0.02,1,2571,卖盘
280,09:45:57,25.71,0.0,13,33417,买盘
281,09:46:00,25.7,-0.01,87,223694,卖盘
282,09:46:03,25.7,0.0,69,178224,卖盘
283,09:46:06,25.69,-0.01,15,38545,卖盘
284,09:46:09,25.7,0.01,7,17988,买盘
285,09:46:12,25.69,-0.01,12,30830,卖盘
286,09:46:18,25.69,0.0,4,10275,买盘
287,09:46:21,25.69,0.0,7,17983,买盘
288,09:46:24,25.69,0.0,5,12845,买盘
289,09:46:27,25.68,-0.01,21,53930,卖盘
290,09:46:33,25.68,0.0,1,2568,买盘
291,09:46:36,25.68,0.0,24,61615,买盘
292,09:46:39,25.68,0.0,3,7704,卖盘
293,09:46:42,25.69,0.01,17,43653,买盘
294,09:46:45,25.68,-0.01,4,10272,中性盘
295,09:46:48,25.67,-0.01,4,10271,卖盘
296,09:46:51,25.66,-0.01,17,43622,卖盘
297,09:46:54,25.67,0.01,90,230720,买盘
298,09:46:57,25.62,-0.05,5,12816,中性盘
299,09:47:01,25.61,-0.01,4,10247,卖盘
300,09:47:04,25.61,0.0,6,15366,卖盘
301,09:47:06,25.61,0.0,5,12808,卖盘
302,09:47:09,25.61,0.0,7,17931,卖盘
303,09:47:12,25.6,-0.01,7,17921,卖盘
304,09:47:15,25.6,0.0,62,158736,卖盘
305,09:47:18,25.6,0.0,52,133122,买盘
306,09:47:21,25.6,0.0,100,256059,卖盘
307,09:47:24,25.59,-0.01,8,20466,买盘
308,09:47:27,25.59,0.0,2,5118,买盘
309,09:47:30,25.57,-0.02,33,84381,卖盘
310,09:47:36,25.54,-0.03,33,84303,卖盘
311,09:47:39,25.55,0.01,1,2555,买盘
312,09:47:42,25.54,-0.01,34,86846,卖盘
313,09:47:46,25.54,0.0,11,28084,买盘
314,09:47:48,25.54,0.0,2,5107,买盘
315,09:47:51,25.54,0.0,72,183863,买盘
316,09:47:54,25.54,0.0,26,66404,卖盘
317,09:47:57,25.54,0.0,116,296345,卖盘
318,09:48:00,25.54,0.0,1,2554,买盘
319,09:48:03,25.53,-0.01,5,12765,卖盘
320,09:48:06,25.54,0.01,69,176173,买盘
321,09:48:09,25.53,-0.01,51,130208,卖盘
322,09:48:12,25.53,0.0,5,12765,买盘
323,09:48:16,25.52,-0.01,124,316362,卖盘
324,09:48:18,25.52,0.0,11,28063,买盘
325,09:48:21,25.41,-0.11,337,859381,卖盘
326,09:48:24,25.49,0.08,13,33119,买盘
327,09:48:27,25.49,0.0,9,22941,买盘
328,09:48:30,25.41,-0.08,26,66099,卖盘
329,09:48:33,25.45,0.04,19,48284,买盘
330,09:48:39,25.4,-0.05,12,30483,卖盘
331,09:48:42,25.4,0.0,6,15240,买盘
332,09:48:46,25.37,-0.03,12,30447,卖盘
333,09:48:48,25.36,-0.01,15,37979,中性盘
334,09:48:51,25.36,0.0,4,10133,买盘
335,09:48:54,25.33,-0.03,10,25325,中性盘
336,09:48:57,25.3,-0.03,110,276962,卖盘
337,09:49:00,25.3,0.0,8,20098,买盘
338,09:49:03,25.3,0.0,36,90532,买盘
339,09:49:06,25.11,-0.19,11,27708,卖盘
340,09:49:12,25.3,0.19,205,518308,买盘
341,09:49:15,25.17,-0.13,103,259573,卖盘
342,09:49:18,25.09,-0.08,108,271410,卖盘
343,09:49:21,25.24,0.15,85,214106,买盘
344,09:49:24,25.2,-0.04,8,20179,卖盘
345,09:49:27,25.3,0.1,13,32770,买盘
346,09:49:31,25.08,-0.22,275,690963,卖盘
347,09:49:34,25.2,0.12,64,160812,买盘
348,09:49:36,25.17,-0.03,6,15102,买盘
349,09:49:39,25.17,0.0,1,2517,买盘
350,09:49:42,25.19,0.02,25,62861,买盘
351,09:49:45,25.11,-0.08,33,82958,卖盘
352,09:49:48,25.11,0.0,7,17605,卖盘
353,09:49:51,25.11,0.0,15,37691,卖盘
354,09:49:54,25.17,0.06,6,15102,买盘
355,09:49:57,25.14,-0.03,33,82919,买盘
356,09:50:01,25.17,0.03,83,209386,买盘
357,09:50:06,25.19,0.02,26,65478,买盘
358,09:50:09,25.19,0.0,26,65472,卖盘
359,09:50:12,25.19,0.0,64,161120,买盘
360,09:50:15,25.19,0.0,97,244343,买盘
361,09:50:18,25.2,0.01,21,52919,买盘
362,09:50:21,25.2,0.0,159,400669,买盘
363,09:50:24,25.2,0.0,201,506483,买盘
364,09:50:27,25.22,0.02,17,42871,买盘
365,09:50:30,25.22,0.0,122,307585,买盘
366,09:50:34,25.29,0.07,5,12645,中性盘
367,09:50:37,25.29,0.0,1,2529,买盘
368,09:50:39,25.29,0.0,11,27819,买盘
369,09:50:42,25.29,0.0,9,22757,买盘
370,09:50:45,25.28,-0.01,12,30336,卖盘
371,09:50:48,25.28,0.0,5,12640,买盘
372,09:50:51,25.3,0.02,100,252868,买盘
373,09:50:54,25.29,-0.01,13,32889,中性盘
374,09:50:57,25.31,0.02,46,116390,买盘
375,09:51:00,25.31,0.0,7,17717,卖盘
376,09:51:04,25.33,0.02,5,12669,中性盘
377,09:51:06,25.38,0.05,1,2538,买盘
378,09:51:09,25.35,-0.03,21,53239,卖盘
379,09:51:12,25.35,0.0,1,2535,买盘
380,09:51:16,25.35,0.0,5,12673,买盘
381,09:51:18,25.35,0.0,12,30420,买盘
382,09:51:21,25.35,0.0,59,149451,买盘
383,09:51:24,25.35,0.0,44,111540,买盘
384,09:51:27,25.33,-0.02,8,20264,买盘
385,09:51:30,25.37,0.04,14,35509,买盘
386,09:51:33,25.35,-0.02,4,10140,卖盘
387,09:51:37,25.35,0.0,7,17745,卖盘
388,09:51:39,25.36,0.01,10,25359,买盘
389,09:51:45,25.32,-0.04,21,53184,卖盘
390,09:51:48,25.35,0.03,23,58275,买盘
391,09:51:52,25.35,0.0,9,22809,买盘
392,09:51:54,25.35,0.0,23,58305,买盘
393,09:51:57,25.36,0.01,12,30432,买盘
394,09:52:00,25.36,0.0,17,43097,买盘
395,09:52:04,25.33,-0.03,78,197722,卖盘
396,09:52:06,25.33,0.0,22,55726,买盘
397,09:52:09,25.36,0.03,11,27896,卖盘
398,09:52:12,25.35,-0.01,5,12678,卖盘
399,09:52:15,25.33,-0.02,2,5066,中性盘
400,09:52:18,25.32,-0.01,14,35457,卖盘
401,09:52:21,25.32,0.0,1,2532,卖盘
402,09:52:24,25.32,0.0,15,37986,卖盘
403,09:52:28,25.3,-0.02,29,73384,卖盘
404,09:52:30,25.28,-0.02,58,146638,卖盘
405,09:52:33,25.28,0.0,3,7580,买盘
406,09:52:36,25.26,-0.02,14,35364,卖盘
407,09:52:39,25.26,0.0,22,55572,卖盘
408,09:52:42,25.28,0.02,25,63153,买盘
409,09:52:45,25.25,-0.03,11,27785,卖盘
410,09:52:48,25.2,-0.05,94,236967,卖盘
411,09:52:51,25.2,0.0,7,17640,买盘
412,09:52:54,25.2,0.0,17,42830,买盘
413,09:52:57,25.18,-0.02,16,40299,卖盘
414,09:53:00,25.2,0.02,15,37800,买盘
415,09:53:04,25.2,0.0,44,110880,买盘
416,09:53:06,25.2,0.0,26,65520,买盘
417,09:53:09,25.2,0.0,172,433440,买盘
418,09:53:12,25.21,0.01,20,50420,买盘
419,09:53:15,25.28,0.07,8,20214,买盘
420,09:53:18,25.29,0.01,22,55628,买盘
421,09:53:21,25.28,-0.01,5,12644,卖盘
422,09:53:24,25.3,0.02,59,149168,买盘
423,09:53:27,25.28,-0.02,5,12644,卖盘
424,09:53:31,25.29,0.01,1,2529,买盘
425,09:53:33,25.29,0.0,1,2529,中性盘
426,09:53:36,25.31,0.02,8,20247,买盘
427,09:53:39,25.31,0.0,6,15186,买盘
428,09:53:45,25.3,-0.01,14,35422,卖盘
429,09:53:48,25.3,0.0,24,60720,买盘
430,09:53:51,25.35,0.05,24,60818,买盘
431,09:53:55,25.3,-0.05,11,27830,卖盘
432,09:54:01,25.3,0.0,26,65780,买盘
433,09:54:04,25.3,0.0,17,43010,买盘
434,09:54:09,25.31,0.01,11,27833,买盘
435,09:54:12,25.3,-0.01,26,65790,卖盘
436,09:54:15,25.31,0.01,13,32903,买盘
437,09:54:18,25.34,0.03,4,10133,买盘
438,09:54:24,25.34,0.0,24,60816,买盘
439,09:54:27,25.34,0.0,4,10136,买盘
440,09:54:36,25.32,-0.02,47,118994,卖盘
441,09:54:39,25.34,0.02,8,20272,买盘
442,09:54:48,25.33,-0.01,7,17731,卖盘
443,09:54:51,25.34,0.01,11,27873,买盘
444,09:54:54,25.34,0.0,3,7602,买盘
445,09:54:58,25.34,0.0,9,22806,买盘
446,09:55:06,25.34,0.0,52,131768,买盘
447,09:55:13,25.34,0.0,9,22806,买盘
448,09:55:15,25.35,0.01,29,73490,买盘
449,09:55:18,25.34,-0.01,1,2534,中性盘
450,09:55:21,25.33,-0.01,15,37999,卖盘
451,09:55:24,25.33,0.0,5,12665,买盘
452,09:55:30,25.33,0.0,7,17731,买盘
453,09:55:33,25.33,0.0,16,40524,买盘
454,09:55:36,25.34,0.01,2,5068,买盘
455,09:55:39,25.34,0.0,22,55738,买盘
456,09:55:42,25.33,-0.01,22,55729,卖盘
457,09:55:45,25.33,0.0,27,68391,买盘
458,09:55:48,25.4,0.07,164,415740,买盘
459,09:55:51,25.33,-0.07,54,136938,卖盘
460,09:55:54,25.4,0.07,34,86360,买盘
461,09:55:57,25.4,0.0,3,7620,买盘
462,09:56:00,25.4,0.0,17,43180,买盘
463,09:56:06,25.41,0.01,1,2541,买盘
464,09:56:09,25.41,0.0,1,2541,买盘
465,09:56:15,25.45,0.04,2,5090,买盘
466,09:56:18,25.45,0.0,2,5090,卖盘
467,09:56:21,25.45,0.0,38,96722,卖盘
468,09:56:24,25.45,0.0,15,38175,买盘
469,09:56:27,25.49,0.04,14,35670,买盘
470,09:56:33,25.49,0.0,2,5098,买盘
471,09:56:39,25.5,0.01,11,28040,买盘
472,09:56:42,26.0,0.5,386,994680,买盘
473,09:56:45,26.0,0.0,107,278200,卖盘
474,09:56:48,26.0,0.0,95,247000,卖盘
475,09:56:54,25.95,-0.05,1,2595,中性盘
476,09:56:57,25.95,0.0,2,5190,买盘
477,09:57:00,25.73,-0.22,5,12865,卖盘
478,09:57:04,25.73,0.0,17,43741,卖盘
479,09:57:06,25.75,0.02,7,18025,中性盘
480,09:57:09,25.76,0.01,52,134008,中性盘
481,09:57:15,25.79,0.03,7,18028,买盘
482,09:57:18,25.78,-0.01,15,38653,中性盘
483,09:57:24,25.71,-0.07,35,89983,卖盘
484,09:57:27,25.7,-0.01,7,17990,中性盘
485,09:57:36,25.68,-0.02,7,17986,买盘
486,09:57:39,26.0,0.32,688,1783020,买盘
487,09:57:42,26.01,0.01,65,169002,买盘
488,09:57:45,26.0,-0.01,155,404124,卖盘
489,09:57:57,25.93,-0.07,7,18181,中性盘
490,09:58:00,25.84,-0.09,2,5168,中性盘
491,09:58:03,25.98,0.14,2,5196,买盘
492,09:58:06,25.97,-0.01,11,28546,买盘
493,09:58:10,25.97,0.0,59,152929,买盘
494,09:58:12,25.98,0.01,10,25974,买盘
495,09:58:15,25.92,-0.06,3,7776,卖盘
496,09:58:18,25.98,0.06,20,51925,买盘
497,09:58:21,25.92,-0.06,2,5184,买盘
498,09:58:28,25.95,0.03,3,7783,中性盘
499,09:58:31,25.95,0.0,1,2595,卖盘
500,09:58:33,25.93,-0.02,31,80486,卖盘
501,09:58:39,25.92,-0.01,30,77784,卖盘
502,09:58:42,25.92,0.0,14,36288,卖盘
503,09:58:48,25.92,0.0,3,7775,买盘
504,09:58:51,25.9,-0.02,1,2590,卖盘
505,09:58:54,25.9,0.0,2,5180,卖盘
506,09:58:57,25.88,-0.02,23,59544,卖盘
507,09:59:00,25.87,-0.01,10,25872,卖盘
508,09:59:04,25.87,0.0,1,2587,卖盘
509,09:59:09,25.87,0.0,21,54327,卖盘
510,09:59:12,25.87,0.0,1,2587,买盘
511,09:59:15,25.85,-0.02,14,36190,卖盘
512,09:59:21,25.84,-0.01,5,12918,卖盘
513,09:59:24,25.82,-0.02,3,7746,中性盘
514,09:59:27,25.83,0.01,7,18079,买盘
515,09:59:33,25.85,0.02,36,93041,买盘
516,09:59:37,25.85,0.0,3,7755,卖盘
517,09:59:40,25.85,0.0,6,15510,卖盘
518,09:59:48,25.85,0.0,5,12920,买盘
519,09:59:51,25.85,0.0,4,10340,买盘
520,10:00:09,25.8,-0.05,5,12900,卖盘
521,10:00:12,25.77,-0.03,3,7731,卖盘
522,10:00:18,25.77,0.0,4,10317,卖盘
523,10:00:21,25.77,0.0,2,5154,卖盘
524,10:00:24,25.8,0.03,1,2580,买盘
525,10:00:34,25.77,-0.03,10,25770,卖盘
526,10:00:36,25.7,-0.07,50,128510,卖盘
527,10:00:48,25.7,0.0,1,2570,卖盘
528,10:00:51,25.75,0.05,2,5147,买盘
529,10:00:54,25.7,-0.05,29,74548,卖盘
530,10:00:57,25.76,0.06,17,43696,买盘
531,10:01:00,25.7,-0.06,5,12850,卖盘
532,10:01:04,25.74,0.04,1,2574,买盘
533,10:01:06,25.74,0.0,1,2574,买盘
534,10:01:12,25.74,0.0,22,56628,买盘
535,10:01:18,25.77,0.03,3,7731,买盘
536,10:01:27,25.77,0.0,1,2577,卖盘
537,10:01:39,25.8,0.03,56,144356,买盘
538,10:01:42,25.79,-0.01,1,2579,卖盘
539,10:01:48,25.8,0.01,23,59340,买盘
540,10:01:51,25.79,-0.01,1,2579,卖盘
541,10:01:57,25.8,0.01,22,56750,买盘
542,10:02:04,25.8,0.0,2,5160,买盘
543,10:02:09,25.8,0.0,33,85140,买盘
544,10:02:15,25.8,0.0,23,59337,买盘
545,10:02:18,25.8,0.0,27,69660,买盘
546,10:02:27,25.82,0.02,1,2582,买盘
547,10:02:30,25.8,-0.02,11,28404,卖盘
548,10:02:36,25.8,0.0,10,25800,卖盘
549,10:02:39,25.79,-0.01,36,92844,卖盘
550,10:02:42,25.72,-0.07,7,18004,中性盘
551,10:02:45,25.72,0.0,13,33436,买盘
552,10:02:48,25.79,0.07,4,10316,买盘
553,10:02:57,25.72,-0.07,2,5144,卖盘
554,10:03:06,25.72,0.0,3,7716,买盘
555,10:03:09,25.72,0.0,1,2572,买盘
556,10:03:27,25.72,0.0,2,5144,卖盘
557,10:03:30,25.72,0.0,18,46296,卖盘
558,10:03:42,25.78,0.06,1,2578,买盘
559,10:03:48,25.79,0.01,1,2579,买盘
560,10:03:51,25.79,0.0,3,7737,买盘
561,10:03:54,25.79,0.0,3,7737,买盘
562,10:03:57,25.8,0.01,39,100602,买盘
563,10:04:00,25.8,0.0,90,232200,买盘
564,10:04:03,25.84,0.04,12,31004,买盘
565,10:04:06,25.85,0.01,17,43937,买盘
566,10:04:13,25.83,-0.02,4,10332,买盘
567,10:04:15,25.85,0.02,8,20680,买盘
568,10:04:18,25.87,0.02,8,20684,买盘
569,10:04:24,25.85,-0.02,3,7755,买盘
570,10:04:27,25.85,0.0,8,20680,买盘
571,10:04:30,25.85,0.0,18,46530,买盘
572,10:04:34,25.85,0.0,25,64653,买盘
573,10:04:37,25.88,0.03,10,25876,买盘
574,10:04:39,25.88,0.0,11,28468,买盘
575,10:04:42,25.88,0.0,10,25880,买盘
576,10:04:45,25.88,0.0,5,12940,买盘
577,10:04:48,25.88,0.0,6,15528,买盘
578,10:04:51,25.87,-0.01,12,31046,中性盘
579,10:04:54,25.88,0.01,33,85412,买盘
580,10:05:00,25.9,0.02,4,10360,买盘
581,10:05:04,25.9,0.0,4,10360,买盘
582,10:05:06,25.88,-0.02,4,10353,卖盘
583,10:05:09,25.88,0.0,22,56936,卖盘
584,10:05:12,25.88,0.0,3,7764,买盘
585,10:05:19,25.86,-0.02,11,28448,卖盘
586,10:05:22,25.86,0.0,6,15516,卖盘
587,10:05:24,25.86,0.0,5,12930,中性盘
588,10:05:30,25.85,-0.01,8,20680,卖盘
589,10:05:36,25.85,0.0,10,25850,卖盘
590,10:05:39,25.85,0.0,3,7755,卖盘
591,10:05:51,25.85,0.0,2,5169,买盘
592,10:05:54,25.84,-0.01,9,23260,卖盘
593,10:05:57,25.84,0.0,8,20672,卖盘
594,10:06:01,25.84,0.0,15,38760,卖盘
595,10:06:12,25.83,-0.01,6,15498,卖盘
596,10:06:16,25.8,-0.03,10,25800,卖盘
597,10:06:24,25.8,0.0,1,2580,卖盘
598,10:06:33,25.8,0.0,16,41280,卖盘
599,10:06:36,25.85,0.05,41,105896,买盘
600,10:06:39,25.8,-0.05,47,121455,卖盘
601,10:06:43,25.8,0.0,16,41280,买盘
602,10:06:46,25.8,0.0,37,95460,买盘
603,10:06:55,25.79,-0.01,13,33533,中性盘
604,10:07:18,25.83,0.04,1,2583,买盘
605,10:07:21,25.83,0.0,7,18081,卖盘
606,10:07:27,25.84,0.01,4,10336,买盘
607,10:07:36,25.84,0.0,1,2584,买盘
608,10:07:42,25.83,-0.01,1,2583,卖盘
609,10:07:49,25.84,0.01,26,67184,买盘
610,10:07:57,25.84,0.0,2,5168,买盘
611,10:08:04,25.84,0.0,4,10336,买盘
612,10:08:15,25.84,0.0,3,7751,买盘
613,10:08:18,25.84,0.0,4,10336,买盘
614,10:08:27,25.84,0.0,12,31008,买盘
615,10:08:30,25.85,0.01,1,2585,买盘
616,10:08:33,25.85,0.0,4,10340,买盘
617,10:08:37,25.86,0.01,5,12930,买盘
618,10:08:40,25.85,-0.01,12,31026,卖盘
619,10:08:45,25.85,0.0,14,36190,卖盘
620,10:08:54,25.86,0.01,2,5172,中性盘
621,10:08:57,25.85,-0.01,2,5170,卖盘
622,10:09:04,25.85,0.0,46,118925,卖盘
623,10:09:06,25.85,0.0,1,2585,买盘
624,10:09:09,25.84,-0.01,4,10336,卖盘
625,10:09:15,25.85,0.01,13,33605,买盘
626,10:09:18,25.85,0.0,1,2585,卖盘
627,10:09:22,25.85,0.0,7,18095,卖盘
628,10:09:27,25.85,0.0,2,5171,卖盘
629,10:09:33,25.85,0.0,5,12925,卖盘
630,10:09:36,25.85,0.0,1,2585,卖盘
631,10:09:42,25.85,0.0,18,46530,卖盘
632,10:09:51,25.85,0.0,20,51700,卖盘
633,10:10:00,25.83,-0.02,16,41341,卖盘
634,10:10:12,25.83,0.0,1,2583,卖盘
635,10:10:16,25.83,0.0,20,51660,卖盘
636,10:10:27,25.83,0.0,3,7749,中性盘
637,10:10:33,25.83,0.0,1,2583,买盘
638,10:10:51,25.83,0.0,5,12915,买盘
639,10:11:01,25.79,-0.04,1,2579,卖盘
640,10:11:09,25.79,0.0,20,51580,卖盘
641,10:11:16,25.79,0.0,1,2579,卖盘
642,10:11:21,25.79,0.0,19,47541,卖盘
643,10:11:33,25.8,0.01,5,14366,买盘
644,10:11:39,25.8,0.0,4,8849,买盘
645,10:11:42,25.8,0.0,16,42761,卖盘
646,10:11:46,25.8,0.0,1,2580,买盘
647,10:11:51,25.78,-0.02,7,18056,卖盘
648,10:12:00,25.78,0.0,1,2578,卖盘
649,10:12:10,25.78,0.0,5,12890,卖盘
650,10:12:18,25.78,0.0,2,5156,卖盘
651,10:12:21,25.76,-0.02,2,5152,卖盘
652,10:12:24,25.79,0.03,1,2579,中性盘
653,10:12:33,25.79,0.0,1,2579,买盘
654,10:12:36,25.75,-0.04,2,5150,卖盘
655,10:12:49,25.75,0.0,2,5150,卖盘
656,10:12:51,25.75,0.0,13,33475,卖盘
657,10:12:57,25.75,0.0,1,2575,买盘
658,10:13:00,25.74,-0.01,1,2574,卖盘
659,10:13:06,25.74,0.0,7,18018,卖盘
660,10:13:12,25.74,0.0,2,5148,买盘
661,10:13:15,25.74,0.0,12,30888,买盘
662,10:13:18,25.75,0.01,1,2575,买盘
663,10:13:22,25.74,-0.01,24,61776,卖盘
664,10:13:27,25.74,0.0,10,25740,卖盘
665,10:13:30,25.75,0.01,17,43765,买盘
666,10:13:36,25.75,0.0,8,20600,买盘
667,10:13:40,25.75,0.0,23,59212,买盘
668,10:13:42,25.75,0.0,22,56650,买盘
669,10:13:45,25.73,-0.02,2,5146,卖盘
670,10:14:04,25.75,0.02,65,167372,买盘
671,10:14:06,25.75,0.0,33,84975,卖盘
672,10:14:09,25.76,0.01,2,5152,卖盘
673,10:14:15,25.76,0.0,1,2576,卖盘
674,10:14:18,25.78,0.02,17,43826,买盘
675,10:14:25,25.78,0.0,15,38666,买盘
676,10:14:28,25.76,-0.02,2,5152,卖盘
677,10:14:33,25.78,0.02,1,2578,买盘
678,10:14:45,25.79,0.01,9,23210,买盘
679,10:14:48,25.78,-0.01,14,36092,卖盘
680,10:14:51,25.78,0.0,10,25780,买盘
681,10:14:54,25.79,0.01,10,25784,买盘
682,10:15:06,25.79,0.0,3,7737,买盘
683,10:15:12,25.79,0.0,10,25790,买盘
684,10:15:24,25.79,0.0,43,110897,买盘
685,10:15:33,25.79,0.0,3,7737,买盘
686,10:15:42,25.76,-0.03,7,18032,卖盘
687,10:15:57,25.76,0.0,3,7728,卖盘
688,10:16:00,25.76,0.0,2,5153,卖盘
689,10:16:04,25.79,0.03,10,25790,买盘
690,10:16:07,25.8,0.01,10,25800,买盘
691,10:16:15,25.79,-0.01,11,28369,卖盘
692,10:16:21,25.8,0.01,201,518380,买盘
693,10:16:24,25.8,0.0,16,41278,买盘
694,10:16:31,25.8,0.0,2,5160,买盘
695,10:16:34,25.8,0.0,6,15479,买盘
696,10:16:45,25.8,0.0,1,2580,买盘
697,10:16:48,25.75,-0.05,48,123694,卖盘
698,10:16:52,25.8,0.05,4,10320,买盘
699,10:17:06,25.8,0.0,1,2580,买盘
700,10:17:09,25.8,0.0,11,28377,买盘
701,10:17:12,25.8,0.0,5,12900,买盘
702,10:17:15,25.8,0.0,1,2580,买盘
703,10:17:18,25.8,0.0,8,20640,买盘
704,10:17:22,25.77,-0.03,16,41274,卖盘
705,10:17:25,25.8,0.03,44,113520,买盘
706,10:17:27,25.8,0.0,32,82560,买盘
707,10:17:33,25.8,0.0,27,69660,买盘
708,10:17:36,25.8,0.0,17,43860,买盘
709,10:17:39,25.8,0.0,32,82559,买盘
710,10:17:42,25.8,0.0,7,18060,买盘
711,10:17:45,25.83,0.03,8,20643,买盘
712,10:17:52,25.79,-0.04,33,85126,卖盘
713,10:17:57,25.8,0.01,3,7740,卖盘
714,10:18:03,25.8,0.0,19,49020,卖盘
715,10:18:06,25.79,-0.01,56,144424,卖盘
716,10:18:13,25.8,0.01,50,128990,买盘
717,10:18:24,25.77,-0.03,4,10309,卖盘
718,10:18:27,25.77,0.0,4,10308,卖盘
719,10:18:30,25.76,-0.01,1,2576,买盘
720,10:18:36,25.76,0.0,4,10304,卖盘
721,10:18:43,25.77,0.01,3,7731,中性盘
722,10:18:46,25.75,-0.02,74,190550,卖盘
723,10:18:48,25.74,-0.01,10,25740,卖盘
724,10:18:51,25.73,-0.01,33,84909,卖盘
725,10:18:54,25.74,0.01,57,146608,买盘
726,10:18:57,25.7,-0.04,42,107962,卖盘
727,10:19:00,25.69,-0.01,5,12846,卖盘
728,10:19:04,25.66,-0.03,19,48792,卖盘
729,10:19:15,25.66,0.0,1,2566,中性盘
730,10:19:24,25.7,0.04,109,280093,买盘
731,10:19:27,25.66,-0.04,4,10265,卖盘
732,10:19:30,25.7,0.04,1,2570,买盘
733,10:19:33,25.7,0.0,1,2570,卖盘
734,10:19:48,25.7,0.0,4,10280,卖盘
735,10:19:54,25.67,-0.03,3,7701,卖盘
736,10:19:57,25.67,0.0,2,5134,卖盘
737,10:20:00,25.69,0.02,45,115605,买盘
738,10:20:04,25.67,-0.02,1,2567,中性盘
739,10:20:19,25.68,0.01,2,5136,卖盘
740,10:20:22,25.68,0.0,22,56496,卖盘
741,10:20:43,25.68,0.0,3,7704,卖盘
742,10:20:51,25.67,-0.01,1,2567,卖盘
743,10:20:57,25.66,-0.01,10,25660,卖盘
744,10:21:01,25.65,-0.01,1,2565,卖盘
745,10:21:19,25.68,0.03,8,20537,买盘
746,10:21:22,25.68,0.0,1,2568,买盘
747,10:21:25,25.68,0.0,2,5136,买盘
748,10:21:27,25.64,-0.04,19,48717,卖盘
749,10:21:30,25.64,0.0,4,10256,买盘
750,10:21:33,25.64,0.0,5,12820,买盘
751,10:21:36,25.64,0.0,19,48716,买盘
752,10:21:39,25.64,0.0,26,66664,买盘
753,10:21:42,25.64,0.0,5,12820,买盘
754,10:21:45,25.61,-0.03,4,10244,卖盘
755,10:21:48,25.61,0.0,3,7683,卖盘
756,10:21:57,25.68,0.07,52,133520,买盘
757,10:22:06,25.68,0.0,3,7704,卖盘
758,10:22:09,25.68,0.0,4,10272,卖盘
759,10:22:12,25.68,0.0,1,2568,卖盘
760,10:22:15,25.69,0.01,15,38549,中性盘
761,10:22:18,25.7,0.01,3,7710,买盘
762,10:22:30,25.7,0.0,6,15420,买盘
763,10:22:33,25.69,-0.01,7,17989,卖盘
764,10:22:42,25.69,0.0,2,5138,买盘
765,10:22:48,25.69,0.0,1,2569,买盘
766,10:22:51,25.69,0.0,12,30828,买盘
767,10:22:57,25.68,-0.01,2,5136,卖盘
768,10:23:04,25.69,0.01,13,33397,买盘
769,10:23:06,25.69,0.0,7,17983,买盘
770,10:23:09,25.68,-0.01,7,17980,卖盘
771,10:23:12,25.69,0.01,5,12845,买盘
772,10:23:15,25.69,0.0,25,64225,买盘
773,10:23:18,25.69,0.0,4,10276,买盘
774,10:23:21,25.69,0.0,8,20552,买盘
775,10:23:24,25.69,0.0,2,5138,卖盘
776,10:23:27,25.69,0.0,2,5139,卖盘
777,10:23:30,25.7,0.01,5,12850,买盘
778,10:23:33,25.7,0.0,10,25700,买盘
779,10:23:36,25.66,-0.04,3,7701,卖盘
780,10:23:42,25.79,0.13,310,798022,买盘
781,10:23:51,25.79,0.0,2,5158,买盘
782,10:23:54,25.79,0.0,1,2579,买盘
783,10:23:57,25.8,0.01,104,268197,买盘
784,10:24:09,25.84,0.04,269,694519,买盘
785,10:24:18,25.88,0.04,15,38807,买盘
786,10:24:21,25.88,0.0,1,2588,买盘
787,10:24:24,25.85,-0.03,2,5173,卖盘
788,10:24:33,25.9,0.05,3,7770,买盘
789,10:24:39,25.86,-0.04,2,5172,卖盘
790,10:24:42,25.9,0.04,2,5178,买盘
791,10:24:45,25.88,-0.02,10,25880,卖盘
792,10:24:48,25.9,0.02,11,28478,买盘
793,10:24:57,25.86,-0.04,3,7758,卖盘
794,10:25:00,25.88,0.02,5,12940,买盘
795,10:25:04,25.86,-0.02,5,12930,卖盘
796,10:25:06,25.88,0.02,6,15528,买盘
797,10:25:09,25.88,0.0,1,2588,卖盘
798,10:25:12,25.88,0.0,108,279734,卖盘
799,10:25:18,25.88,0.0,5,12946,卖盘
800,10:25:24,25.9,0.02,4,10360,卖盘
801,10:25:30,25.9,0.0,2,5180,卖盘
802,10:25:39,26.0,0.1,664,1724766,买盘
803,10:26:00,25.95,-0.05,32,83044,卖盘
804,10:26:04,25.95,0.0,4,10379,买盘
805,10:26:21,25.95,0.0,5,12975,买盘
806,10:26:30,25.9,-0.05,5,12950,卖盘
807,10:26:33,25.91,0.01,1,2591,买盘
808,10:26:45,25.93,0.02,2,5186,买盘
809,10:26:48,25.94,0.01,5,12970,买盘
810,10:26:54,25.94,0.0,2,5188,买盘
811,10:26:58,25.93,-0.01,4,10374,卖盘
812,10:27:01,25.95,0.02,10,25950,买盘
813,10:27:06,25.95,0.0,5,12975,买盘
814,10:27:09,25.97,0.02,21,54533,买盘
815,10:27:22,25.98,0.01,3,7794,买盘
816,10:27:27,25.99,0.01,7,18191,买盘
817,10:27:33,25.99,0.0,2,5198,买盘
818,10:27:36,25.98,-0.01,20,51962,卖盘
819,10:27:39,25.98,0.0,2,5196,买盘
820,10:27:42,25.98,0.0,13,33774,买盘
821,10:27:51,25.98,0.0,3,7792,买盘
822,10:27:58,25.98,0.0,6,15585,买盘
823,10:28:00,25.98,0.0,17,44166,买盘
824,10:28:06,25.98,0.0,4,10392,买盘
825,10:28:13,25.98,0.0,2,5195,买盘
826,10:28:18,25.97,-0.01,5,12985,卖盘
827,10:28:21,25.98,0.01,4,10392,买盘
828,10:28:27,25.98,0.0,5,12990,买盘
829,10:28:33,25.98,0.0,23,59738,买盘
830,10:28:39,25.97,-0.01,14,36358,买盘
831,10:28:51,25.97,0.0,4,10388,买盘
832,10:28:54,25.96,-0.01,1,2596,卖盘
833,10:28:57,25.96,0.0,6,15577,卖盘
834,10:29:00,25.96,0.0,2,5192,卖盘
835,10:29:04,25.96,0.0,4,10384,卖盘
836,10:29:06,25.97,0.01,1,2597,买盘
837,10:29:15,25.96,-0.01,15,38940,卖盘
838,10:29:24,25.97,0.01,20,51931,买盘
839,10:29:30,25.95,-0.02,36,93425,卖盘
840,10:29:39,25.97,0.02,31,80507,买盘
841,10:29:51,25.97,0.0,10,25970,卖盘
842,10:29:54,25.98,0.01,2,5196,买盘
843,10:29:57,25.98,0.0,6,15586,买盘
844,10:30:00,25.98,0.0,2,5196,买盘
845,10:30:04,25.98,0.0,23,59754,买盘
846,10:30:06,26.0,0.02,8,20790,买盘
847,10:30:09,26.0,0.0,11,28600,买盘
848,10:30:12,26.01,0.01,24,62422,买盘
849,10:30:15,26.01,0.0,45,117035,买盘
850,10:30:18,26.05,0.04,18,46881,买盘
851,10:30:21,26.02,-0.03,6,15624,卖盘
852,10:30:25,26.07,0.05,8,20848,买盘
853,10:30:28,26.07,0.0,7,18243,买盘
854,10:30:30,26.08,0.01,3,7822,买盘
855,10:30:33,26.08,0.0,4,10432,买盘
856,10:30:36,26.08,0.0,2,5216,买盘
857,10:30:39,26.07,-0.01,2,5215,卖盘
858,10:30:42,26.07,0.0,1,2607,卖盘
859,10:30:45,26.07,0.0,12,31284,卖盘
860,10:30:54,26.07,0.0,10,26061,买盘
861,10:30:58,26.03,-0.04,5,13023,卖盘
862,10:31:01,26.07,0.04,7,18249,买盘
863,10:31:06,26.08,0.01,7,18250,买盘
864,10:31:09,26.07,-0.01,4,10428,卖盘
865,10:31:24,26.05,-0.02,22,57310,卖盘
866,10:31:28,26.05,0.0,26,67730,卖盘
867,10:31:31,26.04,-0.01,45,117260,卖盘
868,10:31:39,26.04,0.0,7,18228,中性盘
869,10:31:42,26.03,-0.01,8,20824,卖盘
870,10:31:46,26.03,0.0,64,166592,卖盘
871,10:31:48,26.02,-0.01,14,36428,卖盘
872,10:31:51,26.03,0.01,29,75462,中性盘
873,10:31:54,26.03,0.0,5,13005,买盘
874,10:31:57,26.0,-0.03,7,18200,卖盘
875,10:32:06,26.0,0.0,23,59759,买盘
876,10:32:09,26.0,0.0,4,10400,卖盘
877,10:32:12,26.0,0.0,15,39001,卖盘
878,10:32:15,26.02,0.02,4,10402,买盘
879,10:32:18,26.0,-0.02,27,70248,卖盘
880,10:32:24,26.02,0.02,1,2602,买盘
881,10:32:27,26.0,-0.02,2,5202,卖盘
882,10:32:30,26.03,0.03,1,2603,买盘
883,10:32:42,26.03,0.0,1,2603,买盘
884,10:32:49,26.02,-0.01,2,5204,买盘
885,10:32:54,26.02,0.0,10,26020,买盘
886,10:33:00,26.02,0.0,5,13006,买盘
887,10:33:06,26.02,0.0,1,2602,买盘
888,10:33:09,26.02,0.0,2,5202,买盘
889,10:33:18,26.02,0.0,6,15612,买盘
890,10:33:21,26.02,0.0,5,13002,买盘
891,10:33:24,26.02,0.0,3,7806,买盘
892,10:33:30,26.01,-0.01,1,2601,卖盘
893,10:33:33,26.02,0.01,5,13007,买盘
894,10:33:37,26.02,0.0,1,2602,买盘
895,10:33:39,26.02,0.0,5,13010,买盘
896,10:33:42,26.01,-0.01,8,20808,卖盘
897,10:33:48,26.01,0.0,2,5202,买盘
898,10:33:52,26.01,0.0,5,13005,卖盘
899,10:33:57,26.0,-0.01,9,23406,卖盘
900,10:34:06,26.01,0.01,149,387449,买盘
901,10:34:10,26.01,0.0,3,7803,卖盘
902,10:34:12,26.0,-0.01,1,2600,卖盘
903,10:34:18,26.0,0.0,301,782600,卖盘
904,10:34:21,26.0,0.0,9,23400,买盘
905,10:34:24,25.99,-0.01,3,7797,卖盘
906,10:34:27,25.99,0.0,1,2599,买盘
907,10:34:33,25.99,0.0,1,2599,买盘
908,10:34:37,25.99,0.0,1,2599,买盘
909,10:34:39,25.98,-0.01,2,5196,卖盘
910,10:34:45,25.97,-0.01,5,12988,卖盘
911,10:35:00,25.96,-0.01,21,54534,卖盘
912,10:35:04,25.96,0.0,10,25960,卖盘
913,10:35:12,25.96,0.0,7,18172,卖盘
914,10:35:18,25.96,0.0,1,2596,买盘
915,10:35:24,25.95,-0.01,11,28545,卖盘
916,10:35:27,25.97,0.02,107,277806,买盘
917,10:35:30,25.97,0.0,1,2597,买盘
918,10:35:39,25.97,0.0,2,5194,买盘
919,10:35:45,25.95,-0.02,5,12975,卖盘
920,10:35:48,25.95,0.0,25,64875,卖盘
921,10:35:51,25.97,0.02,1,2597,买盘
922,10:36:00,25.97,0.0,4,10382,买盘
923,10:36:04,25.96,-0.01,1,2596,卖盘
924,10:36:09,26.0,0.04,99,257244,买盘
925,10:36:21,26.01,0.01,1,2601,买盘
926,10:36:27,26.01,0.0,1,2601,买盘
927,10:36:30,26.01,0.0,5,13005,买盘
928,10:36:33,26.02,0.01,5,13009,买盘
929,10:36:42,26.02,0.0,4,10409,卖盘
930,10:36:45,26.02,0.0,14,36428,卖盘
931,10:36:48,26.02,0.0,2,5205,中性盘
932,10:36:51,26.03,0.01,15,39042,买盘
933,10:36:57,26.03,0.0,22,57266,买盘
934,10:37:00,26.04,0.01,12,31238,买盘
935,10:37:03,26.03,-0.01,5,13015,卖盘
936,10:37:06,26.05,0.02,2,5210,买盘
937,10:37:18,26.06,0.01,37,96386,买盘
938,10:37:21,26.04,-0.02,17,44282,卖盘
939,10:37:33,26.04,0.0,1,2604,买盘
940,10:37:36,26.03,-0.01,3,7809,卖盘
941,10:37:49,26.04,0.01,1,2604,卖盘
942,10:37:51,26.04,0.0,5,13020,卖盘
943,10:37:54,26.04,0.0,10,26040,卖盘
944,10:37:57,26.03,-0.01,8,20831,卖盘
945,10:38:03,26.05,0.02,68,177024,买盘
946,10:38:06,26.05,0.0,1,2605,卖盘
947,10:38:13,26.05,0.0,3,7815,卖盘
948,10:38:16,26.07,0.02,5,13029,买盘
949,10:38:22,26.06,-0.01,20,52120,买盘
950,10:38:25,26.07,0.01,2,5214,买盘
951,10:38:27,26.06,-0.01,4,10426,卖盘
952,10:38:31,26.07,0.01,2,5214,买盘
953,10:38:36,26.05,-0.02,21,54716,卖盘
954,10:38:45,26.06,0.01,1,2606,卖盘
955,10:38:52,26.06,0.0,8,20848,买盘
956,10:39:00,26.06,0.0,2,5212,卖盘
957,10:39:04,26.05,-0.01,8,20840,卖盘
958,10:39:13,26.05,0.0,39,101595,买盘
959,10:39:24,26.05,0.0,12,31258,买盘
960,10:39:28,26.05,0.0,1,2605,买盘
961,10:39:30,26.03,-0.02,1,2603,中性盘
962,10:39:33,26.05,0.02,5,13021,买盘
963,10:39:36,26.05,0.0,3,7815,买盘
964,10:39:39,26.05,0.0,2,5210,买盘
965,10:39:42,26.04,-0.01,57,148476,卖盘
966,10:39:46,26.05,0.01,16,41680,买盘
967,10:39:49,26.06,0.01,13,33867,买盘
968,10:39:52,26.05,-0.01,6,15630,卖盘
969,10:39:54,26.04,-0.01,1,2604,买盘
970,10:39:57,26.02,-0.02,2,5204,卖盘
971,10:40:00,26.02,0.0,2,5204,卖盘
972,10:40:15,26.02,0.0,25,65061,卖盘
973,10:40:18,26.04,0.02,54,140616,买盘
974,10:40:21,26.06,0.02,9,23453,买盘
975,10:40:24,26.06,0.0,2,5212,买盘
976,10:40:27,26.07,0.01,10,26070,买盘
977,10:40:31,26.08,0.01,25,65185,买盘
978,10:40:34,26.08,0.0,11,28688,卖盘
979,10:40:37,26.09,0.01,10,26090,买盘
980,10:40:39,26.09,0.0,9,23481,买盘
981,10:40:51,26.1,0.01,29,75690,买盘
982,10:41:00,26.09,-0.01,17,44365,卖盘
983,10:41:04,26.11,0.02,5,13049,买盘
984,10:41:06,26.11,0.0,1,2611,买盘
985,10:41:18,26.07,-0.04,1,2607,卖盘
986,10:41:30,26.08,0.01,2,5216,买盘
987,10:41:33,26.08,0.0,1,2608,买盘
988,10:41:36,26.07,-0.01,11,28677,卖盘
989,10:41:39,26.07,0.0,2,5214,卖盘
990,10:41:48,26.07,0.0,2,5215,卖盘
991,10:41:54,26.07,0.0,4,10430,卖盘
992,10:41:57,26.07,0.0,30,78211,卖盘
993,10:42:00,26.07,0.0,15,39105,卖盘
994,10:42:04,26.07,0.0,4,10429,卖盘
995,10:42:07,26.07,0.0,4,10428,卖盘
996,10:42:12,26.07,0.0,1,2607,买盘
997,10:42:24,26.08,0.01,1,2608,卖盘
998,10:42:33,26.06,-0.02,17,44302,卖盘
999,10:42:43,26.05,-0.01,1,2605,卖盘
1000,10:42:48,26.05,0.0,8,20840,卖盘
1001,10:42:57,26.08,0.03,4,10429,买盘
1002,10:43:00,26.05,-0.03,7,18236,卖盘
1003,10:43:07,26.05,0.0,175,455897,卖盘
1004,10:43:15,26.04,-0.01,79,205738,卖盘
1005,10:43:18,26.04,0.0,9,23436,卖盘
1006,10:43:21,26.04,0.0,3,7812,卖盘
1007,10:43:24,26.02,-0.02,2,5204,卖盘
1008,10:43:27,26.02,0.0,20,52040,卖盘
1009,10:43:30,26.02,0.0,2,5204,卖盘
1010,10:43:33,26.03,0.01,17,44251,卖盘
1011,10:43:39,26.03,0.0,2,5206,卖盘
1012,10:43:45,26.02,-0.01,170,442340,卖盘
1013,10:43:48,26.02,0.0,18,46836,卖盘
1014,10:43:54,26.01,-0.01,10,26019,卖盘
1015,10:43:58,26.0,-0.01,20,52013,卖盘
1016,10:44:00,26.0,0.0,3,7800,卖盘
1017,10:44:06,26.0,0.0,1,2600,卖盘
1018,10:44:09,26.0,0.0,3,7800,卖盘
1019,10:44:31,25.97,-0.03,7,18190,卖盘
1020,10:44:37,25.97,0.0,15,38975,卖盘
1021,10:44:52,25.99,0.02,1,2599,买盘
1022,10:44:54,25.99,0.0,10,25976,买盘
1023,10:45:00,25.97,-0.02,40,103880,卖盘
1024,10:45:03,25.97,0.0,3,7791,卖盘
1025,10:45:06,25.97,0.0,2,5194,卖盘
1026,10:45:09,25.98,0.01,2,5196,买盘
1027,10:45:21,25.98,0.0,1,2598,买盘
1028,10:45:24,25.98,0.0,12,31176,买盘
1029,10:45:27,25.98,0.0,1,2598,买盘
1030,10:45:31,25.98,0.0,3,7796,中性盘
1031,10:45:33,25.99,0.01,1,2599,买盘
1032,10:45:39,25.98,-0.01,3,7794,中性盘
1033,10:45:42,26.0,0.02,2,5200,买盘
1034,10:45:45,26.01,0.01,11,28601,买盘
1035,10:45:51,26.01,0.0,1,2601,买盘
1036,10:45:54,26.01,0.0,7,18207,买盘
1037,10:45:57,26.0,-0.01,3,7801,卖盘
1038,10:46:04,26.0,0.0,1,2600,卖盘
1039,10:46:24,26.02,0.02,29,75458,买盘
1040,10:46:31,26.01,-0.01,1,2601,卖盘
1041,10:46:48,26.01,0.0,5,13005,卖盘
1042,10:46:57,26.0,-0.01,4,10400,卖盘
1043,10:47:00,26.0,0.0,7,18200,卖盘
1044,10:47:06,26.01,0.01,1,2601,买盘
1045,10:47:15,26.0,-0.01,2,5200,卖盘
1046,10:47:21,26.01,0.01,1,2601,买盘
1047,10:47:30,26.0,-0.01,4,10400,卖盘
1048,10:47:33,26.02,0.02,2,5204,买盘
1049,10:47:36,25.98,-0.04,3,7796,卖盘
1050,10:47:48,26.02,0.04,4,10402,买盘
1051,10:47:51,25.99,-0.03,2,5198,卖盘
1052,10:48:03,25.99,0.0,3,7797,卖盘
1053,10:48:10,26.0,0.01,2,5200,卖盘
1054,10:48:21,26.02,0.02,1,2602,买盘
1055,10:48:24,26.02,0.0,3,7804,买盘
1056,10:48:27,26.02,0.0,1,2602,买盘
1057,10:48:30,26.0,-0.02,2,5200,卖盘
1058,10:49:00,26.0,0.0,3,7800,卖盘
1059,10:49:19,26.0,0.0,1,2600,卖盘
1060,10:49:21,26.0,0.0,2,5200,卖盘
1061,10:49:30,26.0,0.0,60,156000,卖盘
1062,10:49:42,26.0,0.0,1,2600,卖盘
1063,10:49:46,26.0,0.0,2,5201,卖盘
1064,10:49:54,26.01,0.01,4,10404,买盘
1065,10:50:04,26.01,0.0,3,7803,卖盘
1066,10:50:06,26.01,0.0,2,5202,卖盘
1067,10:50:09,26.01,0.0,1,2601,卖盘
1068,10:50:30,26.03,0.02,8,20821,买盘
1069,10:50:33,26.03,0.0,1,2603,买盘
1070,10:50:36,26.03,0.0,2,5206,买盘
1071,10:50:42,26.04,0.01,2,5208,买盘
1072,10:50:45,26.02,-0.02,3,7808,卖盘
1073,10:50:49,26.04,0.02,9,23436,买盘
1074,10:50:57,26.04,0.0,4,10416,买盘
1075,10:51:04,26.04,0.0,31,80751,卖盘
1076,10:51:36,26.02,-0.02,10,26020,卖盘
1077,10:51:42,26.03,0.01,2,5206,卖盘
1078,10:51:51,26.03,0.0,10,26030,卖盘
1079,10:51:54,26.03,0.0,1,2603,卖盘
1080,10:52:04,26.03,0.0,2,5206,卖盘
1081,10:52:24,26.03,0.0,2,5206,卖盘
1082,10:52:30,26.03,0.0,5,13015,卖盘
1083,10:52:33,26.03,0.0,3,7809,卖盘
1084,10:52:39,26.03,0.0,2,5206,卖盘
1085,10:52:55,26.03,0.0,4,10414,卖盘
1086,10:53:04,26.03,0.0,1,2603,卖盘
1087,10:53:06,26.02,-0.01,2,5204,卖盘
1088,10:53:45,26.02,0.0,18,46836,卖盘
1089,10:53:48,26.01,-0.01,2,5202,卖盘
1090,10:54:04,26.01,0.0,32,83233,卖盘
1091,10:54:06,26.01,0.0,6,15606,卖盘
1092,10:54:09,26.01,0.0,1,2601,卖盘
1093,10:54:12,26.01,0.0,2,5202,卖盘
1094,10:54:15,26.01,0.0,25,65025,卖盘
1095,10:54:18,26.01,0.0,4,10404,卖盘
1096,10:54:24,26.01,0.0,65,169065,卖盘
1097,10:54:27,26.01,0.0,48,124803,买盘
1098,10:54:30,25.99,-0.02,1,2599,卖盘
1099,10:54:39,25.99,0.0,10,25990,卖盘
1100,10:54:42,25.99,0.0,3,7797,卖盘
1101,10:54:45,25.98,-0.01,38,98738,卖盘
1102,10:54:54,25.97,-0.01,49,127253,卖盘
1103,10:54:58,25.95,-0.02,2,5190,卖盘
1104,10:55:04,25.95,0.0,2,5190,卖盘
1105,10:55:06,25.95,0.0,10,25950,卖盘
1106,10:55:09,25.95,0.0,3,7785,卖盘
1107,10:55:15,25.95,0.0,2,5190,卖盘
1108,10:55:24,25.92,-0.03,3,7776,卖盘
1109,10:55:27,25.96,0.04,4,10382,买盘
1110,10:55:39,26.0,0.04,5,12979,买盘
1111,10:55:45,26.0,0.0,3,7800,买盘
1112,10:55:52,26.0,0.0,4,10400,卖盘
1113,10:56:04,26.0,0.0,2,5200,卖盘
1114,10:56:06,26.01,0.01,4,10404,买盘
1115,10:56:09,25.97,-0.04,2,5194,卖盘
1116,10:56:45,25.97,0.0,2,5194,卖盘
1117,10:57:03,25.97,0.0,2,5194,卖盘
1118,10:57:09,25.97,0.0,2,5194,卖盘
1119,10:57:13,25.97,0.0,1,2597,卖盘
1120,10:57:24,25.97,0.0,2,5194,卖盘
1121,10:57:27,25.97,0.0,10,25970,卖盘
1122,10:57:42,25.97,0.0,2,5194,卖盘
1123,10:57:57,25.97,0.0,2,5194,卖盘
1124,10:58:03,25.97,0.0,20,51940,卖盘
1125,10:58:15,25.97,0.0,15,38955,买盘
1126,10:58:24,25.98,0.01,3,7794,卖盘
1127,10:58:36,25.98,0.0,2,5196,卖盘
1128,10:58:48,26.0,0.02,1,2600,买盘
1129,10:58:54,25.98,-0.02,3,7794,卖盘
1130,10:58:57,26.0,0.02,3,7796,买盘
1131,10:59:00,26.0,0.0,3,7798,买盘
1132,10:59:06,26.0,0.0,1,2600,买盘
1133,10:59:09,26.0,0.0,1,2600,买盘
1134,10:59:12,25.99,-0.01,10,25990,买盘
1135,10:59:21,25.99,0.0,9,23391,买盘
1136,10:59:27,25.98,-0.01,6,15588,卖盘
1137,10:59:33,25.99,0.01,1,2599,买盘
1138,10:59:39,25.99,0.0,6,15594,买盘
1139,10:59:42,25.99,0.0,2,5198,买盘
1140,10:59:45,25.99,0.0,10,25990,买盘
1141,10:59:54,26.0,0.01,1,2600,买盘
1142,10:59:57,25.99,-0.01,2,5198,卖盘
1143,11:00:04,26.0,0.01,1,2600,买盘
1144,11:00:06,26.0,0.0,5,13000,买盘
1145,11:00:09,26.0,0.0,6,15600,买盘
1146,11:00:12,26.0,0.0,10,26000,买盘
1147,11:00:15,26.01,0.01,10,26010,买盘
1148,11:00:18,26.02,0.01,12,31224,买盘
1149,11:00:21,26.02,0.0,37,96274,买盘
1150,11:00:25,26.02,0.0,24,62447,买盘
1151,11:00:28,26.01,-0.01,4,10405,卖盘
1152,11:00:30,26.02,0.01,1,2602,买盘
1153,11:00:39,26.02,0.0,2,5204,买盘
1154,11:00:46,26.02,0.0,1,2602,买盘
1155,11:00:49,26.01,-0.01,1,2601,卖盘
1156,11:00:52,26.02,0.01,2,5204,买盘
1157,11:01:01,26.01,-0.01,8,20808,卖盘
1158,11:01:16,26.0,-0.01,2,5200,卖盘
1159,11:01:19,26.01,0.01,4,10404,买盘
1160,11:01:28,26.01,0.0,4,10405,卖盘
1161,11:01:33,26.01,0.0,2,5202,卖盘
1162,11:01:36,26.02,0.01,2,5204,买盘
1163,11:01:48,26.02,0.0,2,5204,买盘
1164,11:02:00,26.02,0.0,5,13010,买盘
1165,11:02:04,26.02,0.0,2,5204,卖盘
1166,11:02:27,26.02,0.0,3,7806,卖盘
1167,11:02:30,26.02,0.0,1,2602,卖盘
1168,11:03:03,26.03,0.01,25,65075,卖盘
1169,11:03:18,26.02,-0.01,2,5204,卖盘
1170,11:03:24,26.02,0.0,2,5204,卖盘
1171,11:03:27,26.02,0.0,2,5204,卖盘
1172,11:03:36,26.02,0.0,47,122294,卖盘
1173,11:03:45,26.02,0.0,8,20816,买盘
1174,11:04:06,26.02,0.0,1,2602,买盘
1175,11:04:18,26.01,-0.01,1,2601,卖盘
1176,11:04:21,26.01,0.0,1,2601,卖盘
1177,11:04:27,26.01,0.0,2,5202,卖盘
1178,11:04:33,26.01,0.0,8,20808,卖盘
1179,11:04:36,26.01,0.0,2,5202,卖盘
1180,11:04:39,26.01,0.0,2,5202,卖盘
1181,11:04:43,26.0,-0.01,8,20800,卖盘
1182,11:04:46,25.99,-0.01,2,5198,卖盘
1183,11:05:12,25.98,-0.01,6,15588,卖盘
1184,11:05:24,25.98,0.0,2,5196,卖盘
1185,11:05:27,25.98,0.0,3,7794,卖盘
1186,11:05:30,25.98,0.0,20,51960,卖盘
1187,11:06:03,25.99,0.01,1,2599,中性盘
1188,11:06:06,25.98,-0.01,4,10392,卖盘
1189,11:06:09,25.98,0.0,6,15588,卖盘
1190,11:06:12,25.97,-0.01,20,51940,卖盘
1191,11:06:18,25.95,-0.02,6,15570,卖盘
1192,11:06:30,25.92,-0.03,13,33696,卖盘
1193,11:06:33,25.91,-0.01,4,10364,卖盘
1194,11:06:42,25.9,-0.01,20,51813,卖盘
1195,11:06:48,25.9,0.0,20,51800,卖盘
1196,11:06:54,25.91,0.01,1,2591,卖盘
1197,11:07:06,25.91,0.0,2,5182,卖盘
1198,11:07:15,25.91,0.0,6,15546,卖盘
1199,11:07:22,25.91,0.0,3,7773,卖盘
1200,11:07:24,25.92,0.01,15,38876,买盘
1201,11:07:27,25.91,-0.01,1,2591,卖盘
1202,11:07:33,25.89,-0.02,4,10357,卖盘
1203,11:07:48,25.89,0.0,10,25898,卖盘
1204,11:07:57,25.9,0.01,3,7768,买盘
1205,11:08:06,25.89,-0.01,2,5178,卖盘
1206,11:08:12,25.89,0.0,46,119094,卖盘
1207,11:08:18,25.89,0.0,2,5179,卖盘
1208,11:08:21,25.9,0.01,3,7769,买盘
1209,11:08:24,25.9,0.0,11,28490,买盘
1210,11:08:27,25.89,-0.01,41,106161,卖盘
1211,11:08:36,25.9,0.01,5,12954,中性盘
1212,11:08:40,25.89,-0.01,1,2589,卖盘
1213,11:08:42,25.89,0.0,29,75081,卖盘
1214,11:08:51,25.89,0.0,5,12945,卖盘
1215,11:08:54,25.89,0.0,21,54369,卖盘
1216,11:09:04,25.89,0.0,80,207120,卖盘
1217,11:09:06,25.88,-0.01,1,2588,卖盘
1218,11:09:09,25.88,0.0,20,51760,卖盘
1219,11:09:12,25.89,0.01,28,72420,买盘
1220,11:09:15,25.89,0.0,6,15534,买盘
1221,11:09:30,25.84,-0.05,2,5168,卖盘
1222,11:09:33,25.84,0.0,1,2584,卖盘
1223,11:09:42,25.87,0.03,1,2587,买盘
1224,11:09:45,25.84,-0.03,2,5168,卖盘
1225,11:10:27,25.84,0.0,3,7752,卖盘
1226,11:10:30,25.84,0.0,10,25840,中性盘
1227,11:10:33,25.84,0.0,26,67184,买盘
1228,11:10:54,25.84,0.0,3,7752,买盘
1229,11:10:57,25.83,-0.01,1,2583,卖盘
1230,11:11:12,25.83,0.0,26,67158,买盘
1231,11:11:15,25.83,0.0,1,2583,买盘
1232,11:11:24,25.81,-0.02,11,28391,卖盘
1233,11:11:27,25.81,0.0,15,38715,买盘
1234,11:11:30,25.81,0.0,3,7743,卖盘
1235,11:11:48,25.84,0.03,1,2584,买盘
1236,11:11:57,25.84,0.0,2,5168,卖盘
1237,11:12:00,25.88,0.04,2,5176,买盘
1238,11:12:04,25.97,0.09,10,25964,买盘
1239,11:12:28,25.9,-0.07,2,5180,卖盘
1240,11:12:36,25.97,0.07,1,2597,买盘
1241,11:12:42,25.98,0.01,1,2598,买盘
1242,11:12:45,25.98,0.0,1,2598,买盘
1243,11:12:54,25.98,0.0,3,7794,买盘
1244,11:13:00,25.98,0.0,19,49362,卖盘
1245,11:13:06,25.98,0.0,1,2598,买盘
1246,11:13:09,25.97,-0.01,1,2597,卖盘
1247,11:13:18,25.97,0.0,1,2597,卖盘
1248,11:13:27,25.91,-0.06,3,7773,卖盘
1249,11:13:57,25.91,0.0,11,28501,卖盘
1250,11:14:00,25.96,0.05,3,7778,中性盘
1251,11:14:03,25.91,-0.05,11,28501,卖盘
1252,11:14:24,25.92,0.01,1,2592,卖盘
1253,11:14:30,25.92,0.0,3,7776,卖盘
1254,11:14:45,25.93,0.01,2,5186,卖盘
1255,11:14:51,25.93,0.0,3,7779,卖盘
1256,11:14:54,25.93,0.0,4,10372,卖盘
1257,11:15:09,25.94,0.01,1,2594,买盘
1258,11:15:12,25.93,-0.01,8,20744,卖盘
1259,11:15:30,25.93,0.0,12,31116,卖盘
1260,11:15:39,25.93,0.0,1,2593,卖盘
1261,11:15:48,25.92,-0.01,17,44065,卖盘
1262,11:15:58,25.92,0.0,2,5184,卖盘
1263,11:16:00,25.92,0.0,4,10368,卖盘
1264,11:16:12,25.92,0.0,5,12960,卖盘
1265,11:16:30,25.92,0.0,5,12960,卖盘
1266,11:16:51,25.92,0.0,2,5184,卖盘
1267,11:16:54,25.92,0.0,1,2592,卖盘
1268,11:17:04,25.93,0.01,1,2593,买盘
1269,11:17:06,25.93,0.0,7,18151,买盘
1270,11:17:30,25.93,0.0,3,7779,卖盘
1271,11:17:42,25.93,0.0,1,2593,卖盘
1272,11:17:51,25.93,0.0,3,7779,卖盘
1273,11:17:54,25.93,0.0,66,171138,卖盘
1274,11:18:06,25.93,0.0,2,5187,卖盘
1275,11:18:09,25.94,0.01,1,2594,卖盘
1276,11:18:15,25.94,0.0,2,5188,卖盘
1277,11:18:30,25.94,0.0,4,10376,卖盘
1278,11:18:57,25.92,-0.02,55,142592,卖盘
1279,11:19:00,25.92,0.0,10,25920,买盘
1280,11:19:15,25.95,0.03,1,2595,买盘
1281,11:19:24,25.91,-0.04,4,10364,卖盘
1282,11:19:33,25.94,0.03,1,2594,买盘
1283,11:19:39,25.96,0.02,50,129776,买盘
1284,11:19:51,25.92,-0.04,30,77760,卖盘
1285,11:19:57,25.96,0.04,50,129800,买盘
1286,11:20:25,25.92,-0.04,3,7776,卖盘
1287,11:20:27,25.94,0.02,1,2594,买盘
1288,11:20:30,25.96,0.02,1,2596,买盘
1289,11:20:39,25.96,0.0,1,2596,买盘
1290,11:20:42,25.96,0.0,3,7788,买盘
1291,11:20:48,25.96,0.0,2,5192,买盘
1292,11:20:54,25.92,-0.04,33,85560,卖盘
1293,11:21:15,25.92,0.0,2,5184,卖盘
1294,11:21:21,25.92,0.0,5,12960,卖盘
1295,11:21:30,25.92,0.0,2,5185,卖盘
1296,11:21:33,25.92,0.0,5,12960,卖盘
1297,11:22:10,25.93,0.01,5,12965,卖盘
1298,11:22:18,25.92,-0.01,10,25922,卖盘
1299,11:22:21,25.94,0.02,1,2594,买盘
1300,11:22:25,25.92,-0.02,4,10368,卖盘
1301,11:22:33,25.92,0.0,3,7776,卖盘
1302,11:23:00,25.92,0.0,23,59616,卖盘
1303,11:23:18,25.91,-0.01,15,38865,卖盘
1304,11:23:21,25.9,-0.01,4,10361,卖盘
1305,11:23:24,25.91,0.01,5,12955,买盘
1306,11:23:27,25.91,0.0,1,2591,买盘
1307,11:23:30,25.9,-0.01,2,5180,卖盘
1308,11:23:45,25.91,0.01,11,28500,买盘
1309,11:23:48,25.92,0.01,1,2592,买盘
1310,11:23:54,25.91,-0.01,11,28501,卖盘
1311,11:23:57,25.9,-0.01,2,5181,卖盘
1312,11:24:10,25.9,0.0,141,365190,卖盘
1313,11:24:18,25.9,0.0,2,5180,卖盘
1314,11:24:24,25.9,0.0,2,5180,卖盘
1315,11:24:27,25.89,-0.01,3,7767,买盘
1316,11:24:39,25.88,-0.01,3,7764,卖盘
1317,11:24:51,25.89,0.01,1,2589,买盘
1318,11:24:54,25.89,0.0,1,2589,买盘
1319,11:25:12,25.88,-0.01,2,5176,卖盘
1320,11:25:21,25.88,0.0,11,28468,卖盘
1321,11:25:24,25.87,-0.01,4,10348,卖盘
1322,11:25:30,25.87,0.0,7,18109,卖盘
1323,11:25:33,25.86,-0.01,1,2586,卖盘
1324,11:25:36,25.86,0.0,6,15516,卖盘
1325,11:25:42,25.86,0.0,10,25860,卖盘
1326,11:25:45,25.86,0.0,12,31032,卖盘
1327,11:25:48,25.86,0.0,4,10344,卖盘
1328,11:25:54,25.86,0.0,14,36204,卖盘
1329,11:26:00,25.84,-0.02,5,12926,卖盘
1330,11:26:03,25.83,-0.01,2,5166,卖盘
1331,11:26:12,25.81,-0.02,38,98080,卖盘
1332,11:26:24,25.8,-0.01,3,7740,卖盘
1333,11:26:30,25.8,0.0,1,2580,卖盘
1334,11:26:33,25.8,0.0,16,41280,卖盘
1335,11:26:36,25.81,0.01,5,12905,买盘
1336,11:26:46,25.81,0.0,4,10324,买盘
1337,11:26:52,25.8,-0.01,10,25800,卖盘
1338,11:27:00,25.8,0.0,3,7740,卖盘
1339,11:27:09,25.8,0.0,5,12900,卖盘
1340,11:27:21,25.8,0.0,3,7740,卖盘
1341,11:27:24,25.8,0.0,1,2580,卖盘
1342,11:27:48,25.75,-0.05,66,170126,卖盘
1343,11:27:51,25.75,0.0,12,30900,买盘
1344,11:27:54,25.72,-0.03,2,5144,卖盘
1345,11:28:00,25.72,0.0,1,2572,卖盘
1346,11:28:18,25.72,0.0,2,5144,卖盘
1347,11:28:21,25.72,0.0,1,2572,买盘
1348,11:28:33,25.8,0.08,8,20640,买盘
1349,11:28:57,25.75,-0.05,1,2575,买盘
1350,11:29:04,25.75,0.0,2,5150,卖盘
1351,11:29:21,25.78,0.03,1,2578,买盘
1352,11:29:51,25.79,0.01,2,5158,卖盘
1353,11:30:00,25.8,0.01,4,10320,买盘
1354,13:00:04,25.8,0.0,24,61866,买盘
1355,13:00:06,25.8,0.0,5,12900,卖盘
1356,13:00:09,25.79,-0.01,36,92870,卖盘
1357,13:00:18,25.79,0.0,1,2579,买盘
1358,13:00:24,25.79,0.0,1,2579,买盘
1359,13:00:33,25.76,-0.03,118,304009,卖盘
1360,13:00:42,25.81,0.05,16,41275,买盘
1361,13:00:45,25.81,0.0,5,12904,买盘
1362,13:00:51,25.81,0.0,6,15486,买盘
1363,13:01:00,25.81,0.0,1,2581,买盘
1364,13:01:04,25.81,0.0,11,28389,买盘
1365,13:01:24,25.81,0.0,5,12905,买盘
1366,13:01:27,25.8,-0.01,3,7740,卖盘
1367,13:01:30,25.79,-0.01,2,5158,卖盘
1368,13:02:24,25.77,-0.02,2,5154,卖盘
1369,13:03:00,25.8,0.03,1,2580,买盘
1370,13:03:04,25.77,-0.03,2,5154,卖盘
1371,13:03:06,25.77,0.0,2,5157,卖盘
1372,13:03:09,25.77,0.0,2,5154,卖盘
1373,13:03:15,25.77,0.0,2,5154,卖盘
1374,13:03:18,25.77,0.0,6,15478,卖盘
1375,13:03:27,25.77,0.0,2,5154,卖盘
1376,13:03:30,25.77,0.0,3,7731,卖盘
1377,13:03:39,25.77,0.0,2,5154,卖盘
1378,13:03:45,25.77,0.0,3,7731,卖盘
1379,13:04:06,25.77,0.0,9,23193,买盘
1380,13:04:12,25.81,0.04,5,12905,买盘
1381,13:04:21,25.77,-0.04,2,5154,卖盘
1382,13:04:48,25.78,0.01,11,28358,卖盘
1383,13:04:54,25.81,0.03,1,2581,买盘
1384,13:05:06,25.78,-0.03,2,5156,卖盘
1385,13:05:18,25.81,0.03,4,10324,买盘
1386,13:05:24,25.82,0.01,2,5164,买盘
1387,13:05:36,25.81,-0.01,3,7745,卖盘
1388,13:05:39,25.82,0.01,2,5164,卖盘
1389,13:05:42,25.83,0.01,1,2583,买盘
1390,13:05:45,25.82,-0.01,1,2582,卖盘
1391,13:05:48,25.82,0.0,1,2582,卖盘
1392,13:05:51,25.81,-0.01,1,2581,卖盘
1393,13:06:00,25.79,-0.02,2,5158,卖盘
1394,13:06:09,25.81,0.02,1,2581,买盘
1395,13:06:12,25.81,0.0,1,2581,买盘
1396,13:06:27,25.81,0.0,15,38715,卖盘
1397,13:06:33,25.83,0.02,1,2583,买盘
1398,13:06:36,25.83,0.0,2,5166,买盘
1399,13:06:51,25.83,0.0,4,10332,卖盘
1400,13:06:57,25.84,0.01,1,2584,买盘
1401,13:07:00,25.84,0.0,205,529720,买盘
1402,13:07:04,25.84,0.0,75,193800,买盘
1403,13:07:06,25.86,0.02,5,12930,买盘
1404,13:07:09,25.86,0.0,3,7758,买盘
1405,13:07:15,25.88,0.02,1,2588,买盘
1406,13:07:18,25.88,0.0,2,5176,卖盘
1407,13:07:33,25.88,0.0,2,5178,卖盘
1408,13:07:39,25.93,0.05,2,5185,买盘
1409,13:07:45,25.93,0.0,1,2593,买盘
1410,13:07:48,25.93,0.0,4,10372,卖盘
1411,13:07:51,25.91,-0.02,1,2591,卖盘
1412,13:07:57,25.9,-0.01,2,5180,卖盘
1413,13:08:00,25.91,0.01,1,2591,买盘
1414,13:08:04,25.88,-0.03,2,5178,卖盘
1415,13:08:06,25.91,0.03,7,18137,买盘
1416,13:08:15,25.91,0.0,1,2591,买盘
1417,13:08:30,25.89,-0.02,2,5178,卖盘
1418,13:08:33,25.91,0.02,5,12955,买盘
1419,13:08:39,25.91,0.0,1,2591,买盘
1420,13:08:45,25.91,0.0,4,10364,买盘
1421,13:09:04,25.91,0.0,7,18143,卖盘
1422,13:09:06,25.93,0.02,1,2593,中性盘
1423,13:09:09,25.91,-0.02,2,5182,卖盘
1424,13:09:15,25.91,0.0,2,5182,卖盘
1425,13:09:30,25.91,0.0,2,5182,卖盘
1426,13:09:33,25.92,0.01,2,5184,买盘
1427,13:09:39,25.91,-0.01,3,7773,卖盘
1428,13:09:42,25.91,0.0,3,7774,卖盘
1429,13:09:45,25.91,0.0,9,23319,卖盘
1430,13:09:48,25.89,-0.02,2,5178,卖盘
1431,13:09:54,25.91,0.02,1,2591,买盘
1432,13:10:00,25.91,0.0,2,5182,买盘
1433,13:10:09,25.91,0.0,4,10364,买盘
1434,13:10:12,25.9,-0.01,5,12950,卖盘
1435,13:10:21,25.9,0.0,2,5180,卖盘
1436,13:10:24,25.9,0.0,2,5180,卖盘
1437,13:10:30,25.91,0.01,1,2591,买盘
1438,13:10:39,25.92,0.01,3,7774,买盘
1439,13:10:42,25.91,-0.01,2,5182,卖盘
1440,13:10:48,25.93,0.02,2,5185,买盘
1441,13:11:00,25.92,-0.01,10,25926,卖盘
1442,13:11:03,25.92,0.0,1,2592,卖盘
1443,13:11:06,25.92,0.0,3,7772,买盘
1444,13:11:19,25.94,0.02,6,15564,买盘
1445,13:11:21,25.94,0.0,4,10376,买盘
1446,13:11:24,25.94,0.0,2,5188,卖盘
1447,13:11:27,25.95,0.01,7,18165,买盘
1448,13:11:30,25.95,0.0,3,7783,买盘
1449,13:11:33,25.95,0.0,2,5190,买盘
1450,13:11:51,25.95,0.0,3,7785,买盘
1451,13:11:54,25.95,0.0,3,7785,买盘
1452,13:11:57,25.96,0.01,5,12980,买盘
1453,13:12:00,25.97,0.01,19,49342,买盘
1454,13:12:03,25.98,0.01,7,18186,买盘
1455,13:12:06,26.0,0.02,5,12994,买盘
1456,13:12:09,25.98,-0.02,2,5196,卖盘
1457,13:12:12,26.0,0.02,6,15596,买盘
1458,13:12:15,26.0,0.0,58,150799,买盘
1459,13:12:18,26.0,0.0,5,13000,买盘
1460,13:12:27,26.0,0.0,1,2600,买盘
1461,13:12:33,25.99,-0.01,7,18193,卖盘
1462,13:12:39,26.0,0.01,4,10400,买盘
1463,13:12:48,25.99,-0.01,3,7797,卖盘
1464,13:12:51,25.99,0.0,10,25994,卖盘
1465,13:12:58,25.99,0.0,3,7798,卖盘
1466,13:13:01,25.99,0.0,7,18193,卖盘
1467,13:13:04,25.98,-0.01,4,10392,卖盘
1468,13:13:12,25.98,0.0,2,5196,买盘
1469,13:13:21,25.97,-0.01,2,5194,卖盘
1470,13:13:28,25.97,0.0,8,20776,卖盘
1471,13:13:36,25.95,-0.02,2,5191,卖盘
1472,13:13:51,25.95,0.0,1,2595,卖盘
1473,13:14:12,25.95,0.0,4,10380,卖盘
1474,13:14:18,25.91,-0.04,17,44053,卖盘
1475,13:14:33,25.91,0.0,2,5182,卖盘
1476,13:14:39,25.91,0.0,8,20763,卖盘
1477,13:15:21,25.92,0.01,4,10368,卖盘
1478,13:15:39,25.98,0.06,2,5195,买盘
1479,13:15:51,25.97,-0.01,5,12985,中性盘
1480,13:16:12,25.96,-0.01,1,2596,买盘
1481,13:16:24,25.93,-0.03,3,7779,卖盘
1482,13:16:48,25.97,0.04,10,25970,买盘
1483,13:16:51,25.97,0.0,1,2597,买盘
1484,13:17:09,25.93,-0.04,2,5186,卖盘
1485,13:17:12,25.93,0.0,8,20774,卖盘
1486,13:17:15,25.98,0.05,4,10392,买盘
1487,13:17:24,25.97,-0.01,5,12988,中性盘
1488,13:17:27,25.99,0.02,7,18191,买盘
1489,13:17:30,25.98,-0.01,2,5196,卖盘
1490,13:17:42,25.99,0.01,4,10396,买盘
1491,13:17:45,25.99,0.0,2,5198,买盘
1492,13:17:49,25.99,0.0,3,7797,卖盘
1493,13:17:51,25.99,0.0,5,12997,卖盘
1494,13:18:00,25.98,-0.01,3,7794,卖盘
1495,13:18:03,25.99,0.01,2,5198,买盘
1496,13:18:06,26.0,0.01,190,494000,买盘
1497,13:18:09,26.0,0.0,1,2600,买盘
1498,13:18:15,25.99,-0.01,5,12992,中性盘
1499,13:18:21,25.99,0.0,16,41598,卖盘
1500,13:18:24,26.0,0.01,11,28600,买盘
1501,13:18:27,26.0,0.0,31,80600,买盘
1502,13:18:33,26.01,0.01,16,41616,买盘
1503,13:18:36,26.0,-0.01,4,10400,卖盘
1504,13:18:39,26.0,0.0,18,46794,买盘
1505,13:18:42,26.0,0.0,1,2600,买盘
1506,13:18:57,26.0,0.0,28,72800,买盘
1507,13:19:00,25.98,-0.02,15,38971,卖盘
1508,13:19:09,25.97,-0.01,2,5194,卖盘
1509,13:19:12,25.97,0.0,10,25970,卖盘
1510,13:19:18,25.95,-0.02,29,75259,卖盘
1511,13:19:36,25.95,0.0,9,23357,卖盘
1512,13:19:39,25.94,-0.01,12,31129,卖盘
1513,13:19:42,25.94,0.0,12,31128,卖盘
1514,13:19:45,25.94,0.0,1,2594,卖盘
1515,13:19:51,25.94,0.0,58,150497,卖盘
1516,13:19:57,25.92,-0.02,1,2592,卖盘
1517,13:20:01,25.9,-0.02,2,5180,卖盘
1518,13:20:15,25.9,0.0,2,5180,卖盘
1519,13:20:24,25.9,0.0,5,12950,卖盘
1520,13:20:33,25.89,-0.01,38,98392,卖盘
1521,13:20:42,25.88,-0.01,4,10352,卖盘
1522,13:20:49,25.86,-0.02,1,2586,卖盘
1523,13:20:51,25.86,0.0,2,5172,卖盘
1524,13:20:58,25.88,0.02,1,2588,买盘
1525,13:21:00,25.86,-0.02,55,142314,卖盘
1526,13:21:04,25.84,-0.02,84,217221,卖盘
1527,13:21:15,25.88,0.04,9,23292,卖盘
1528,13:21:33,25.88,0.0,2,5176,卖盘
1529,13:22:24,25.88,0.0,3,7764,卖盘
1530,13:22:27,25.89,0.01,1,2589,买盘
1531,13:22:54,25.9,0.01,1,2590,买盘
1532,13:22:57,25.9,0.0,1,2590,买盘
1533,13:23:16,25.9,0.0,1,2590,买盘
1534,13:23:18,25.89,-0.01,4,10362,卖盘
1535,13:23:36,25.9,0.01,3,7770,卖盘
1536,13:23:42,25.92,0.02,1,2592,买盘
1537,13:23:54,25.94,0.02,16,41495,买盘
1538,13:23:57,25.92,-0.02,9,23340,卖盘
1539,13:24:04,25.95,0.03,3,7783,中性盘
1540,13:24:06,25.95,0.0,5,12975,买盘
1541,13:24:12,25.95,0.0,4,10380,买盘
1542,13:24:18,25.96,0.01,8,20766,买盘
1543,13:24:21,25.95,-0.01,2,5190,卖盘
1544,13:24:30,25.95,0.0,4,10381,卖盘
1545,13:24:39,25.96,0.01,3,7788,买盘
1546,13:24:42,25.95,-0.01,2,5190,卖盘
1547,13:24:48,25.95,0.0,1,2595,卖盘
1548,13:24:52,25.96,0.01,11,28556,买盘
1549,13:24:57,25.96,0.0,7,18172,卖盘
1550,13:25:15,25.95,-0.01,3,7785,卖盘
1551,13:25:18,25.95,0.0,2,5190,卖盘
1552,13:25:21,25.97,0.02,13,33756,买盘
1553,13:25:27,25.97,0.0,1,2597,买盘
1554,13:25:42,25.97,0.0,9,23373,买盘
1555,13:25:45,25.97,0.0,2,5194,买盘
1556,13:25:54,26.0,0.03,1,2600,买盘
1557,13:25:57,25.98,-0.02,1,2598,买盘
1558,13:26:15,25.99,0.01,3,7797,买盘
1559,13:26:18,25.99,0.0,2,5198,买盘
1560,13:26:24,26.0,0.01,2,5200,买盘
1561,13:26:51,26.0,0.0,14,36400,买盘
1562,13:26:54,26.0,0.0,1,2600,买盘
1563,13:27:06,26.0,0.0,20,52000,买盘
1564,13:27:12,26.01,0.01,1,2601,买盘
1565,13:27:18,26.01,0.0,24,62422,买盘
1566,13:27:24,26.02,0.01,17,44234,买盘
1567,13:27:30,26.02,0.0,1,2602,买盘
1568,13:27:36,26.02,0.0,2,5204,买盘
1569,13:27:42,26.01,-0.01,5,13005,卖盘
1570,13:27:48,26.02,0.01,28,72856,买盘
1571,13:27:51,26.02,0.0,4,10408,买盘
1572,13:27:54,26.01,-0.01,7,18207,卖盘
1573,13:27:57,26.01,0.0,3,7801,买盘
1574,13:28:06,26.01,0.0,1,2601,买盘
1575,13:28:09,26.02,0.01,2,5204,买盘
1576,13:28:12,26.0,-0.02,1,2600,卖盘
1577,13:28:39,25.98,-0.02,2,5196,卖盘
1578,13:28:45,25.98,0.0,1,2598,卖盘
1579,13:29:04,26.0,0.02,1,2600,买盘
1580,13:29:21,25.99,-0.01,5,12995,买盘
1581,13:29:30,25.99,0.0,1,2599,卖盘
1582,13:29:33,26.0,0.01,1,2600,买盘
1583,13:29:36,26.0,0.0,10,25998,买盘
1584,13:29:39,25.99,-0.01,9,23395,卖盘
1585,13:29:42,26.01,0.02,5,13001,买盘
1586,13:29:45,26.01,0.0,5,13005,买盘
1587,13:29:48,26.01,0.0,8,20808,买盘
1588,13:29:51,26.02,0.01,14,36428,买盘
1589,13:29:57,26.02,0.0,7,18214,买盘
1590,13:30:04,26.02,0.0,4,10408,买盘
1591,13:30:06,26.02,0.0,13,33826,买盘
1592,13:30:09,26.02,0.0,4,10408,买盘
1593,13:30:19,26.02,0.0,8,20816,买盘
1594,13:30:22,26.02,0.0,1,2602,卖盘
1595,13:30:25,26.02,0.0,2,5204,卖盘
1596,13:30:28,26.03,0.01,8,20823,买盘
1597,13:30:33,26.03,0.0,4,10412,买盘
1598,13:30:45,26.04,0.01,1,2604,买盘
1599,13:30:48,26.03,-0.01,1,2603,卖盘
1600,13:31:00,26.03,0.0,1,2603,卖盘
1601,13:31:04,26.04,0.01,1,2604,买盘
1602,13:31:09,26.04,0.0,1,2604,买盘
1603,13:31:12,26.04,0.0,4,10416,买盘
1604,13:31:21,26.03,-0.01,1,2603,卖盘
1605,13:31:24,26.03,0.0,12,31243,卖盘
1606,13:31:31,26.04,0.01,2,5208,买盘
1607,13:31:33,26.04,0.0,6,15624,买盘
1608,13:32:00,26.04,0.0,20,52080,买盘
1609,13:32:06,26.04,0.0,2,5209,卖盘
1610,13:32:21,26.05,0.01,13,33865,买盘
1611,13:32:30,26.04,-0.01,37,96384,卖盘
1612,13:32:42,26.04,0.0,2,5208,卖盘
1613,13:32:45,26.04,0.0,1,2604,卖盘
1614,13:32:48,26.04,0.0,5,13020,卖盘
1615,13:32:52,26.04,0.0,9,23436,卖盘
1616,13:33:15,26.04,0.0,7,18224,买盘
1617,13:33:21,26.04,0.0,7,18228,买盘
1618,13:33:24,26.03,-0.01,4,10412,卖盘
1619,13:33:30,26.03,0.0,2,5206,卖盘
1620,13:33:36,26.03,0.0,3,7809,卖盘
1621,13:33:48,26.04,0.01,10,26040,买盘
1622,13:34:09,26.04,0.0,47,122388,买盘
1623,13:34:12,26.05,0.01,15,39066,买盘
1624,13:34:15,26.09,0.04,34,88682,买盘
1625,13:34:27,26.08,-0.01,3,7817,买盘
1626,13:34:33,26.07,-0.01,1,2607,中性盘
1627,13:34:39,26.08,0.01,1,2608,买盘
1628,13:34:42,26.08,0.0,2,5216,买盘
1629,13:34:52,26.08,0.0,6,15648,买盘
1630,13:34:54,26.06,-0.02,3,7819,卖盘
1631,13:34:58,26.08,0.02,17,44337,买盘
1632,13:35:00,26.09,0.01,2,5218,买盘
1633,13:35:04,26.09,0.0,7,18263,买盘
1634,13:35:06,26.09,0.0,6,15654,买盘
1635,13:35:09,26.09,0.0,4,10436,买盘
1636,13:35:12,26.09,0.0,6,15654,买盘
1637,13:35:18,26.09,0.0,3,7827,买盘
1638,13:35:21,26.09,0.0,10,26090,买盘
1639,13:35:24,26.09,0.0,1,2609,买盘
1640,13:35:30,26.09,0.0,4,10436,买盘
1641,13:35:33,26.09,0.0,48,125202,买盘
1642,13:35:57,26.09,0.0,5,13045,买盘
1643,13:36:04,26.09,0.0,4,10436,买盘
1644,13:36:06,26.09,0.0,1,2609,买盘
1645,13:36:09,26.09,0.0,16,41744,买盘
1646,13:36:12,26.09,0.0,20,52180,买盘
1647,13:36:27,26.1,0.01,1,2610,买盘
1648,13:36:30,26.1,0.0,9,23490,买盘
1649,13:36:34,26.1,0.0,50,130500,买盘
1650,13:36:36,26.1,0.0,10,26100,买盘
1651,13:36:42,26.1,0.0,6,15660,买盘
1652,13:36:45,26.1,0.0,1,2610,买盘
1653,13:36:48,26.1,0.0,14,36536,买盘
1654,13:37:09,26.09,-0.01,1,2609,卖盘
1655,13:37:18,26.1,0.01,1,2610,买盘
1656,13:37:21,26.1,0.0,115,299547,买盘
1657,13:38:00,26.06,-0.04,5,13030,卖盘
1658,13:38:21,26.06,0.0,6,15636,卖盘
1659,13:38:25,26.06,0.0,35,91228,卖盘
1660,13:38:28,26.06,0.0,31,80786,买盘
1661,13:38:36,26.05,-0.01,25,65125,卖盘
1662,13:38:51,26.05,0.0,10,26050,卖盘
1663,13:38:54,26.05,0.0,2,5210,卖盘
1664,13:39:24,26.05,0.0,2,5210,卖盘
1665,13:39:33,26.05,0.0,1,2605,卖盘
1666,13:39:36,26.05,0.0,4,10420,卖盘
1667,13:39:39,26.05,0.0,15,39095,卖盘
1668,13:39:45,26.05,0.0,1,2605,卖盘
1669,13:40:07,26.05,0.0,1,2605,卖盘
1670,13:40:10,26.05,0.0,5,13025,卖盘
1671,13:40:42,26.05,0.0,3,7815,卖盘
1672,13:40:48,26.04,-0.01,28,72912,卖盘
1673,13:40:51,26.04,0.0,4,10416,卖盘
1674,13:41:06,26.03,-0.01,2,5206,卖盘
1675,13:41:09,26.05,0.02,11,28655,买盘
1676,13:41:12,26.05,0.0,2,5210,卖盘
1677,13:41:16,26.05,0.0,2,5210,卖盘
1678,13:41:33,26.05,0.0,3,7815,卖盘
1679,13:42:03,26.06,0.01,1,2606,买盘
1680,13:42:21,26.06,0.0,4,10424,买盘
1681,13:42:45,26.06,0.0,1,2606,卖盘
1682,13:42:51,26.06,0.0,1,2606,卖盘
1683,13:42:54,26.07,0.01,7,18244,买盘
1684,13:43:18,26.06,-0.01,9,23454,卖盘
1685,13:43:21,26.05,-0.01,19,49495,卖盘
1686,13:43:24,26.03,-0.02,2,5206,卖盘
1687,13:43:27,26.08,0.05,15,39102,买盘
1688,13:43:49,26.06,-0.02,4,10418,买盘
1689,13:43:54,26.06,0.0,1,2606,买盘
1690,13:43:57,26.04,-0.02,5,13020,卖盘
1691,13:44:15,26.05,0.01,7,18235,卖盘
1692,13:44:24,26.05,0.0,5,13025,卖盘
1693,13:44:28,26.05,0.0,1,2605,买盘
1694,13:44:51,26.04,-0.01,2,5208,卖盘
1695,13:44:54,26.04,0.0,2,5208,卖盘
1696,13:45:24,26.04,0.0,18,46872,卖盘
1697,13:45:27,26.05,0.01,12,31256,买盘
1698,13:45:36,26.05,0.0,10,26050,卖盘
1699,13:46:01,26.05,0.0,2,5210,卖盘
1700,13:46:15,26.06,0.01,1,2606,买盘
1701,13:46:39,26.07,0.01,5,13035,卖盘
1702,13:46:48,26.07,0.0,5,13035,买盘
1703,13:46:57,26.07,0.0,4,10428,买盘
1704,13:47:39,26.06,-0.01,2,5212,卖盘
1705,13:47:57,26.06,0.0,10,26060,卖盘
1706,13:48:00,26.05,-0.01,16,41694,卖盘
1707,13:48:07,26.06,0.01,1,2606,卖盘
1708,13:48:12,26.05,-0.01,1,2605,卖盘
1709,13:48:15,26.05,0.0,11,28655,卖盘
1710,13:48:21,26.03,-0.02,22,57266,卖盘
1711,13:48:27,26.05,0.02,1,2605,中性盘
1712,13:48:33,26.03,-0.02,11,29518,卖盘
1713,13:48:36,26.03,0.0,7,18221,卖盘
1714,13:48:39,26.01,-0.02,3,7804,买盘
1715,13:48:52,26.01,0.0,1,2601,卖盘
1716,13:48:54,26.0,-0.01,3,7801,买盘
1717,13:48:57,26.0,0.0,1,2600,卖盘
1718,13:49:03,26.0,0.0,10,25116,卖盘
1719,13:49:12,25.99,-0.01,2,5198,卖盘
1720,13:49:21,25.99,0.0,2,5198,卖盘
1721,13:49:24,25.99,0.0,10,25990,卖盘
1722,13:49:27,25.98,-0.01,5,12990,卖盘
1723,13:49:36,25.98,0.0,6,15588,卖盘
1724,13:49:45,25.98,0.0,1,2598,买盘
1725,13:49:48,25.97,-0.01,2,5194,卖盘
1726,13:50:00,25.97,0.0,2,5194,卖盘
1727,13:50:15,25.97,0.0,4,10388,卖盘
1728,13:50:30,25.96,-0.01,2,5192,卖盘
1729,13:50:33,25.96,0.0,3,7788,卖盘
1730,13:50:39,25.95,-0.01,9,23355,卖盘
1731,13:50:42,25.95,0.0,3,7785,卖盘
1732,13:51:18,25.95,0.0,5,12975,卖盘
1733,13:51:33,25.97,0.02,2,5194,买盘
1734,13:51:54,25.97,0.0,3,7791,买盘
1735,13:52:04,25.97,0.0,5,12985,买盘
1736,13:52:06,25.97,0.0,1,2597,买盘
1737,13:52:21,25.96,-0.01,10,25960,卖盘
1738,13:52:24,25.96,0.0,1,2596,买盘
1739,13:52:27,25.97,0.01,17,44142,买盘
1740,13:52:33,25.98,0.01,1,2598,买盘
1741,13:52:39,25.97,-0.01,5,12985,卖盘
1742,13:53:00,25.97,0.0,1,2597,卖盘
1743,13:53:03,25.98,0.01,1,2598,买盘
1744,13:53:15,25.99,0.01,3,7797,买盘
1745,13:53:24,25.97,-0.02,2,5194,卖盘
1746,13:53:27,25.99,0.02,1,2599,买盘
1747,13:53:39,25.99,0.0,3,7797,买盘
1748,13:53:51,25.99,0.0,10,25990,买盘
1749,13:53:54,25.99,0.0,5,12995,买盘
1750,13:54:18,25.99,0.0,2,5198,卖盘
1751,13:54:21,26.0,0.01,2,5200,买盘
1752,13:54:27,26.0,0.0,5,13000,买盘
1753,13:54:33,26.0,0.0,6,16484,买盘
1754,13:54:42,26.03,0.03,1,2603,买盘
1755,13:54:48,26.04,0.01,1,2604,买盘
1756,13:55:06,26.03,-0.01,4,10412,买盘
1757,13:55:09,26.03,0.0,1,2603,买盘
1758,13:55:12,26.02,-0.01,2,5204,卖盘
1759,13:55:21,26.04,0.02,4,10415,买盘
1760,13:55:24,26.02,-0.02,2,5204,卖盘
1761,13:55:54,26.03,0.01,4,10412,卖盘
1762,13:56:33,26.04,0.01,3,7811,买盘
1763,13:56:39,26.03,-0.01,5,13015,卖盘
1764,13:56:42,26.03,0.0,1,2603,卖盘
1765,13:56:52,26.02,-0.01,4,10408,卖盘
1766,13:57:12,26.02,0.0,3,7806,卖盘
1767,13:57:15,26.02,0.0,1,2602,买盘
1768,13:58:12,26.02,0.0,5,13010,买盘
1769,13:58:15,26.01,-0.01,1,2601,卖盘
1770,13:58:21,26.01,0.0,5,13005,卖盘
1771,13:58:30,26.02,0.01,1,2602,买盘
1772,13:58:36,26.01,-0.01,6,15606,卖盘
1773,13:58:39,26.02,0.01,1,2602,买盘
1774,13:58:45,26.01,-0.01,4,10404,卖盘
1775,13:58:48,26.02,0.01,1,2602,买盘
1776,13:58:51,26.01,-0.01,2,5202,卖盘
1777,13:58:54,26.02,0.01,2,5204,买盘
1778,13:58:58,26.04,0.02,17,44241,买盘
1779,13:59:04,26.04,0.0,7,18228,买盘
1780,13:59:06,26.04,0.0,1,2604,买盘
1781,13:59:09,26.03,-0.01,4,10412,卖盘
1782,13:59:12,26.04,0.01,7,18222,买盘
1783,13:59:57,26.02,-0.02,21,54602,买盘
1784,14:00:03,26.03,0.01,2,5205,买盘
1785,14:00:07,26.03,0.0,50,130150,买盘
1786,14:00:12,26.04,0.01,28,72907,买盘
1787,14:00:18,26.05,0.01,1,2605,买盘
1788,14:00:21,26.05,0.0,4,10420,买盘
1789,14:00:39,26.0,-0.05,31,79754,卖盘
1790,14:00:45,26.0,0.0,19,50284,买盘
1791,14:00:48,26.0,0.0,4,10400,卖盘
1792,14:01:30,26.03,0.03,6,15618,买盘
1793,14:01:33,26.03,0.0,2,5206,卖盘
1794,14:01:51,26.04,0.01,20,52080,买盘
1795,14:01:57,26.05,0.01,14,36468,买盘
1796,14:02:00,26.05,0.0,4,10420,卖盘
1797,14:02:03,26.05,0.0,1,2605,卖盘
1798,14:02:21,26.05,0.0,3,7815,卖盘
1799,14:02:24,26.04,-0.01,1,2604,卖盘
1800,14:02:36,26.03,-0.01,2,5207,卖盘
1801,14:02:51,26.03,0.0,2,5207,卖盘
1802,14:02:57,26.05,0.02,30,78122,买盘
1803,14:03:06,26.0,-0.05,3,7800,卖盘
1804,14:03:27,26.01,0.01,1,2601,卖盘
1805,14:03:36,26.02,0.01,50,130100,买盘
1806,14:03:52,26.01,-0.01,1,2601,卖盘
1807,14:03:57,26.01,0.0,6,15606,卖盘
1808,14:04:24,26.01,0.0,38,98852,卖盘
1809,14:04:36,26.01,0.0,40,104040,买盘
1810,14:04:39,26.01,0.0,11,28611,卖盘
1811,14:04:42,26.01,0.0,11,28610,买盘
1812,14:04:48,26.0,-0.01,29,75423,卖盘
1813,14:04:51,26.0,0.0,28,72800,卖盘
1814,14:04:54,26.0,0.0,3,7800,卖盘
1815,14:05:00,26.0,0.0,25,65000,卖盘
1816,14:05:04,26.0,0.0,3,7800,卖盘
1817,14:05:06,26.0,0.0,5,13000,卖盘
1818,14:05:21,25.95,-0.05,2,5193,卖盘
1819,14:05:24,25.95,0.0,1,2595,中性盘
1820,14:05:36,25.95,0.0,2,5190,卖盘
1821,14:05:45,25.95,0.0,2,5190,卖盘
1822,14:05:54,25.94,-0.01,7,18160,卖盘
1823,14:05:57,25.92,-0.02,11,28522,卖盘
1824,14:06:00,25.93,0.01,6,15558,买盘
1825,14:06:06,25.93,0.0,2,5187,卖盘
1826,14:06:09,25.93,0.0,1,2593,卖盘
1827,14:06:21,25.93,0.0,8,20744,卖盘
1828,14:06:24,25.93,0.0,1,2593,买盘
1829,14:06:27,25.95,0.02,1,2595,买盘
1830,14:06:39,25.94,-0.01,1,2594,卖盘
1831,14:06:42,25.93,-0.01,4,10373,卖盘
1832,14:06:45,25.93,0.0,2,5186,卖盘
1833,14:06:48,25.92,-0.01,6,15552,卖盘
1834,14:06:51,25.93,0.01,2,5185,买盘
1835,14:06:54,25.93,0.0,2,5186,买盘
1836,14:06:57,25.93,0.0,3,7779,卖盘
1837,14:07:03,25.92,-0.01,7,18149,卖盘
1838,14:07:10,25.93,0.01,3,7779,卖盘
1839,14:07:13,25.92,-0.01,1,2592,卖盘
1840,14:07:19,25.92,0.0,2,5184,卖盘
1841,14:07:30,25.91,-0.01,8,20731,卖盘
1842,14:07:33,25.94,0.03,1,2594,买盘
1843,14:07:39,25.92,-0.02,1,2592,买盘
1844,14:07:42,25.91,-0.01,7,18137,卖盘
1845,14:07:45,25.91,0.0,10,25910,卖盘
1846,14:08:01,25.9,-0.01,25,64750,卖盘
1847,14:08:04,25.91,0.01,1,2591,买盘
1848,14:08:15,25.91,0.0,2,5181,买盘
1849,14:08:21,25.9,-0.01,4,10363,卖盘
1850,14:08:28,25.9,0.0,1,2590,卖盘
1851,14:08:31,25.9,0.0,33,85470,卖盘
1852,14:08:33,25.88,-0.02,2,5176,卖盘
1853,14:08:36,25.88,0.0,2,5176,卖盘
1854,14:08:39,25.88,0.0,3,7764,卖盘
1855,14:08:42,25.88,0.0,24,62112,卖盘
1856,14:08:45,25.87,-0.01,5,12935,卖盘
1857,14:08:52,25.87,0.0,7,18109,买盘
1858,14:08:54,25.86,-0.01,8,20688,卖盘
1859,14:08:57,25.86,0.0,1,2586,卖盘
1860,14:09:00,25.86,0.0,10,25860,卖盘
1861,14:09:09,25.87,0.01,11,28457,买盘
1862,14:09:16,25.86,-0.01,1,2586,卖盘
1863,14:09:19,25.86,0.0,1,2586,卖盘
1864,14:09:27,25.87,0.01,1,2587,买盘
1865,14:09:33,25.86,-0.01,4,10344,卖盘
1866,14:09:45,25.86,0.0,2,5172,买盘
1867,14:09:55,25.86,0.0,1,2586,卖盘
1868,14:09:58,25.87,0.01,2,5174,买盘
1869,14:10:01,25.86,-0.01,1,2586,卖盘
1870,14:10:33,25.87,0.01,1,2587,买盘
1871,14:10:39,25.86,-0.01,5,12930,卖盘
1872,14:10:42,25.86,0.0,1,2586,卖盘
1873,14:10:45,25.86,0.0,1,2586,卖盘
1874,14:10:58,25.86,0.0,4,10344,卖盘
1875,14:11:24,25.85,-0.01,4,10341,卖盘
1876,14:11:31,25.86,0.01,1,2586,买盘
1877,14:11:33,25.85,-0.01,2,5170,卖盘
1878,14:11:36,25.85,0.0,1,2585,买盘
1879,14:11:42,25.85,0.0,5,12925,买盘
1880,14:11:46,25.85,0.0,1,2585,买盘
1881,14:11:48,25.84,-0.01,15,38760,卖盘
1882,14:11:51,25.86,0.02,61,157668,买盘
1883,14:12:00,25.86,0.0,25,64650,卖盘
1884,14:12:03,25.86,0.0,17,43963,卖盘
1885,14:12:06,25.83,-0.03,4,10341,卖盘
1886,14:12:12,25.86,0.03,50,129300,买盘
1887,14:12:15,25.88,0.02,1,2588,买盘
1888,14:12:18,25.88,0.0,1,2588,中性盘
1889,14:12:39,25.88,0.0,1,2588,卖盘
1890,14:13:04,25.87,-0.01,1,2587,卖盘
1891,14:13:24,25.88,0.01,7,18116,买盘
1892,14:13:27,25.87,-0.01,22,56914,卖盘
1893,14:13:30,25.86,-0.01,3,7760,卖盘
1894,14:13:36,25.88,0.02,5,12937,买盘
1895,14:13:51,25.86,-0.02,1,2586,卖盘
1896,14:14:03,25.86,0.0,70,181020,卖盘
1897,14:14:07,25.86,0.0,3,7757,买盘
1898,14:14:10,25.86,0.0,2,5172,买盘
1899,14:14:18,25.86,0.0,10,25860,买盘
1900,14:14:25,25.85,-0.01,2,5170,卖盘
1901,14:14:36,25.83,-0.02,3,7751,卖盘
1902,14:14:42,25.85,0.02,5,12925,买盘
1903,14:14:45,25.84,-0.01,2,5168,卖盘
1904,14:14:48,25.85,0.01,10,25850,买盘
1905,14:14:51,25.85,0.0,5,12925,中性盘
1906,14:14:54,25.86,0.01,20,51710,买盘
1907,14:15:01,25.85,-0.01,42,107230,卖盘
1908,14:15:12,25.85,0.0,15,38775,买盘
1909,14:15:21,25.83,-0.02,1,2583,卖盘
1910,14:15:24,25.83,0.0,3,7749,卖盘
1911,14:15:27,25.83,0.0,2,5166,卖盘
1912,14:15:39,25.82,-0.01,10,25820,卖盘
1913,14:15:42,25.85,0.03,5,12925,买盘
1914,14:15:45,25.85,0.0,1,2585,卖盘
1915,14:15:51,25.85,0.0,1,2585,卖盘
1916,14:15:55,25.85,0.0,1,2585,卖盘
1917,14:15:57,25.85,0.0,13,33605,卖盘
1918,14:16:09,25.83,-0.02,1,2583,卖盘
1919,14:16:15,25.85,0.02,5,12925,买盘
1920,14:16:24,25.84,-0.01,2,5168,卖盘
1921,14:16:27,25.85,0.01,5,12925,买盘
1922,14:16:33,25.85,0.0,1,2585,买盘
1923,14:16:39,25.84,-0.01,2,5168,卖盘
1924,14:16:54,25.84,0.0,1,2584,卖盘
1925,14:16:57,25.84,0.0,2,5168,卖盘
1926,14:17:09,25.83,-0.01,14,36165,卖盘
1927,14:17:15,25.82,-0.01,3,7748,卖盘
1928,14:17:18,25.8,-0.02,86,221982,卖盘
1929,14:17:36,25.82,0.02,3,7746,买盘
1930,14:17:39,25.82,0.0,2,5164,买盘
1931,14:17:57,25.82,0.0,6,15492,卖盘
1932,14:18:04,25.83,0.01,1,2583,买盘
1933,14:18:06,25.84,0.01,7,18088,买盘
1934,14:18:15,25.83,-0.01,1,2583,卖盘
1935,14:18:21,25.82,-0.01,1,2582,卖盘
1936,14:18:27,25.82,0.0,1,2582,卖盘
1937,14:18:30,25.82,0.0,2,5164,卖盘
1938,14:18:33,25.82,0.0,1,2582,卖盘
1939,14:18:39,25.82,0.0,1,2582,卖盘
1940,14:18:45,25.82,0.0,1,2582,卖盘
1941,14:18:54,25.82,0.0,3,7746,卖盘
1942,14:19:12,25.83,0.01,1,2583,卖盘
1943,14:19:27,25.84,0.01,1,2584,买盘
1944,14:19:34,25.84,0.0,1,2584,买盘
1945,14:19:36,25.83,-0.01,1,2583,卖盘
1946,14:19:48,25.84,0.01,1,2584,买盘
1947,14:19:58,25.83,-0.01,1,2583,卖盘
1948,14:20:01,25.84,0.01,5,12920,买盘
1949,14:20:06,25.85,0.01,1,2585,买盘
1950,14:20:12,25.84,-0.01,2,5168,卖盘
1951,14:20:21,25.85,0.01,7,18095,买盘
1952,14:20:39,25.85,0.0,12,31020,买盘
1953,14:20:45,25.85,0.0,1,2585,卖盘
1954,14:20:51,25.86,0.01,3,7758,买盘
1955,14:20:54,25.85,-0.01,2,5170,卖盘
1956,14:21:09,25.86,0.01,7,18102,买盘
1957,14:21:16,25.86,0.0,1,2586,卖盘
1958,14:21:31,25.85,-0.01,38,98245,卖盘
1959,14:21:48,25.86,0.01,1,2586,买盘
1960,14:21:54,25.84,-0.02,1,2584,卖盘
1961,14:21:57,25.84,0.0,33,85272,卖盘
1962,14:22:15,25.83,-0.01,1,2583,卖盘
1963,14:22:18,25.86,0.03,1,2586,买盘
1964,14:23:04,25.85,-0.01,1,2585,卖盘
1965,14:23:09,25.85,0.0,16,41360,卖盘
1966,14:23:18,25.86,0.01,11,28446,买盘
1967,14:23:36,25.86,0.0,2,5172,买盘
1968,14:23:42,25.86,0.0,16,41376,买盘
1969,14:23:45,25.86,0.0,2,5172,卖盘
1970,14:23:48,25.88,0.02,12,31035,买盘
1971,14:23:54,25.88,0.0,3,7764,买盘
1972,14:24:00,25.88,0.0,4,10352,买盘
1973,14:24:09,25.89,0.01,6,15534,买盘
1974,14:24:34,25.88,-0.01,1,2588,卖盘
1975,14:24:36,25.89,0.01,1,2589,买盘
1976,14:24:48,25.87,-0.02,21,54338,卖盘
1977,14:25:21,25.87,0.0,1,2587,卖盘
1978,14:25:37,25.88,0.01,5,12940,买盘
1979,14:25:45,25.87,-0.01,9,23283,卖盘
1980,14:25:57,25.87,0.0,1,2587,卖盘
1981,14:26:06,25.87,0.0,1,2587,卖盘
1982,14:26:24,25.87,0.0,1,2587,卖盘
1983,14:26:27,25.87,0.0,1,2587,卖盘
1984,14:26:36,25.89,0.02,3,7767,买盘
1985,14:26:51,25.87,-0.02,1,2587,卖盘
1986,14:26:54,25.87,0.0,5,12935,卖盘
1987,14:27:00,25.87,0.0,5,12935,卖盘
1988,14:27:27,25.86,-0.01,5,12930,卖盘
1989,14:27:39,25.86,0.0,1,2586,卖盘
1990,14:27:51,25.85,-0.01,16,41360,卖盘
1991,14:27:54,25.85,0.0,1,2585,买盘
1992,14:28:03,25.83,-0.02,1,2583,卖盘
1993,14:28:12,25.85,0.02,1,2585,买盘
1994,14:28:18,25.85,0.0,2,5173,中性盘
1995,14:28:24,25.85,0.0,1,2585,卖盘
1996,14:28:27,25.85,0.0,1,2585,卖盘
1997,14:28:36,25.85,0.0,4,10340,卖盘
1998,14:28:51,25.85,0.0,4,10340,卖盘
1999,14:28:57,25.85,0.0,10,25850,卖盘
2000,14:29:04,25.85,0.0,13,33635,卖盘
2001,14:29:09,25.83,-0.02,1,2583,卖盘
2002,14:29:12,25.85,0.02,14,36180,买盘
2003,14:29:15,25.85,0.0,32,82720,买盘
2004,14:29:21,25.85,0.0,3,7755,买盘
2005,14:29:33,25.85,0.0,1,2585,买盘
2006,14:29:40,25.85,0.0,4,10340,买盘
2007,14:29:48,25.85,0.0,4,10340,买盘
2008,14:29:57,25.84,-0.01,1,2584,卖盘
2009,14:30:03,25.84,0.0,7,18088,卖盘
2010,14:30:06,25.83,-0.01,28,72334,卖盘
2011,14:30:18,25.83,0.0,51,131733,卖盘
2012,14:30:21,25.82,-0.01,3,7746,卖盘
2013,14:30:24,25.82,0.0,1,2582,买盘
2014,14:30:27,25.82,0.0,6,15492,买盘
2015,14:30:30,25.81,-0.01,6,15486,卖盘
2016,14:30:42,25.81,0.0,2,5162,卖盘
2017,14:30:51,25.8,-0.01,19,49024,卖盘
2018,14:30:57,25.82,0.02,5,12910,买盘
2019,14:31:00,25.8,-0.02,62,161266,卖盘
2020,14:31:04,25.78,-0.02,66,170148,卖盘
2021,14:31:06,25.8,0.02,1,2580,买盘
2022,14:31:09,25.77,-0.03,86,221705,卖盘
2023,14:31:12,25.76,-0.01,3,7728,卖盘
2024,14:31:16,25.75,-0.01,51,131332,卖盘
2025,14:31:27,25.75,0.0,1,2575,卖盘
2026,14:31:30,25.75,0.0,21,54075,卖盘
2027,14:31:36,25.75,0.0,10,25750,卖盘
2028,14:31:42,25.75,0.0,35,90125,卖盘
2029,14:31:45,25.75,0.0,5,12875,买盘
2030,14:31:49,25.74,-0.01,2,5148,卖盘
2031,14:31:51,25.74,0.0,27,69498,卖盘
2032,14:31:57,25.75,0.01,74,190550,买盘
2033,14:32:00,25.75,0.0,5,12875,买盘
2034,14:32:06,25.75,0.0,5,12875,卖盘
2035,14:32:13,25.75,0.0,2,5152,中性盘
2036,14:32:16,25.74,-0.01,1,2574,卖盘
2037,14:32:18,25.8,0.06,1,2580,买盘
2038,14:32:43,25.76,-0.04,2,5156,卖盘
2039,14:32:54,25.77,0.01,3,7731,卖盘
2040,14:33:00,25.77,0.0,1,2577,卖盘
2041,14:33:03,25.75,-0.02,23,59249,卖盘
2042,14:33:19,25.75,0.0,22,56650,卖盘
2043,14:33:21,25.75,0.0,1,2575,买盘
2044,14:33:45,25.75,0.0,1,2575,卖盘
2045,14:33:48,25.79,0.04,5,12895,买盘
2046,14:33:57,25.79,0.0,1,2579,买盘
2047,14:34:06,25.79,0.0,1,2579,买盘
2048,14:34:33,25.79,0.0,3,7735,买盘
2049,14:34:36,25.8,0.01,79,203777,买盘
2050,14:34:39,25.8,0.0,1,1290,卖盘
2051,14:34:42,25.8,0.0,1,2580,中性盘
2052,14:34:45,25.8,0.0,1,2580,买盘
2053,14:34:48,25.81,0.01,4,10321,买盘
2054,14:34:54,25.83,0.02,1,2583,买盘
2055,14:35:06,25.83,0.0,1,2583,买盘
2056,14:35:09,25.84,0.01,33,85272,买盘
2057,14:35:12,25.81,-0.03,24,61970,卖盘
2058,14:35:18,25.87,0.06,4,10339,买盘
2059,14:35:24,25.87,0.0,5,12935,买盘
2060,14:35:28,25.84,-0.03,2,5168,卖盘
2061,14:35:31,25.87,0.03,3,7761,买盘
2062,14:35:33,25.88,0.01,14,36226,买盘
2063,14:35:43,25.86,-0.02,2,5172,买盘
2064,14:35:46,25.87,0.01,8,20696,卖盘
2065,14:35:51,25.88,0.01,25,64731,卖盘
2066,14:35:54,25.9,0.02,14,36260,买盘
2067,14:35:57,25.9,0.0,2,5180,中性盘
2068,14:36:04,25.91,0.01,1,2591,中性盘
2069,14:36:12,25.91,0.0,4,10367,卖盘
2070,14:36:36,25.93,0.02,1,2593,买盘
2071,14:36:39,25.93,0.0,1,2593,买盘
2072,14:36:45,25.93,0.0,4,10368,买盘
2073,14:36:48,25.93,0.0,3,7779,卖盘
2074,14:36:51,25.93,0.0,1,2593,卖盘
2075,14:36:54,25.94,0.01,11,28532,买盘
2076,14:37:00,25.9,-0.04,2,5180,卖盘
2077,14:37:09,25.94,0.04,2,5188,买盘
2078,14:37:12,25.97,0.03,1,2597,买盘
2079,14:37:21,25.96,-0.01,1,2596,买盘
2080,14:37:30,26.0,0.04,45,116929,买盘
2081,14:37:36,25.96,-0.04,1,2596,中性盘
2082,14:37:39,26.0,0.04,18,46797,买盘
2083,14:37:51,25.97,-0.03,10,25970,买盘
2084,14:37:54,25.99,0.02,7,18182,买盘
2085,14:37:57,26.0,0.01,11,28588,买盘
2086,14:38:04,25.98,-0.02,1,2598,中性盘
2087,14:38:06,26.0,0.02,19,49400,买盘
2088,14:38:09,26.0,0.0,1,2600,卖盘
2089,14:38:16,26.0,0.0,60,156000,卖盘
2090,14:38:19,26.0,0.0,3,7800,卖盘
2091,14:38:21,26.0,0.0,8,20812,卖盘
2092,14:38:24,26.02,0.02,60,156060,买盘
2093,14:38:30,26.0,-0.02,60,156000,卖盘
2094,14:38:33,25.96,-0.04,1,2596,卖盘
2095,14:38:39,25.94,-0.02,1,2594,卖盘
2096,14:39:09,25.95,0.01,1,2595,卖盘
2097,14:39:24,25.95,0.0,3,7785,卖盘
2098,14:39:27,25.96,0.01,1,2596,买盘
2099,14:39:30,25.95,-0.01,5,12978,卖盘
2100,14:39:42,25.96,0.01,1,2596,买盘
2101,14:39:52,25.96,0.0,1,2596,买盘
2102,14:39:55,25.95,-0.01,1,2595,卖盘
2103,14:40:00,25.96,0.01,1,2596,买盘
2104,14:40:03,25.96,0.0,5,12980,买盘
2105,14:40:06,25.96,0.0,1,2596,卖盘
2106,14:40:09,25.96,0.0,1,2596,卖盘
2107,14:40:27,25.96,0.0,24,62304,卖盘
2108,14:40:30,25.96,0.0,2,5192,卖盘
2109,14:40:39,25.96,0.0,1,2596,卖盘
2110,14:40:45,25.96,0.0,15,38940,卖盘
2111,14:40:48,25.96,0.0,1,2596,卖盘
2112,14:40:54,25.96,0.0,49,127204,卖盘
2113,14:41:04,25.96,0.0,2,5192,卖盘
2114,14:41:09,25.96,0.0,26,67496,卖盘
2115,14:41:12,25.96,0.0,15,38940,卖盘
2116,14:41:15,25.95,-0.01,7,18170,卖盘
2117,14:41:25,25.95,0.0,5,12975,卖盘
2118,14:41:27,25.94,-0.01,1,2594,卖盘
2119,14:41:48,25.94,0.0,4,10376,卖盘
2120,14:42:01,25.94,0.0,1,2594,买盘
2121,14:42:12,25.92,-0.02,1,2592,卖盘
2122,14:42:18,25.81,-0.11,185,478166,卖盘
2123,14:42:21,25.82,0.01,1,2582,卖盘
2124,14:42:57,25.85,0.03,1,2585,卖盘
2125,14:43:06,25.87,0.02,1,2587,买盘
2126,14:43:09,25.86,-0.01,1,2586,买盘
2127,14:43:12,25.87,0.01,7,18109,买盘
2128,14:43:15,25.85,-0.02,3,7761,卖盘
2129,14:43:21,25.85,0.0,1,2585,卖盘
2130,14:43:25,25.86,0.01,1,2586,卖盘
2131,14:43:28,25.86,0.0,7,18102,卖盘
2132,14:43:39,25.86,0.0,1,2586,卖盘
2133,14:43:42,25.86,0.0,8,20688,卖盘
2134,14:43:45,25.86,0.0,3,7757,买盘
2135,14:43:54,25.85,-0.01,16,41360,卖盘
2136,14:43:57,25.84,-0.01,1,2584,卖盘
2137,14:44:04,25.84,0.0,10,25845,卖盘
2138,14:44:06,25.84,0.0,1,2584,卖盘
2139,14:44:09,25.84,0.0,1,2584,卖盘
2140,14:44:15,25.84,0.0,1,2584,卖盘
2141,14:44:18,25.85,0.01,1,2585,买盘
2142,14:44:31,25.84,-0.01,1,2584,卖盘
2143,14:44:36,25.84,0.0,26,67184,卖盘
2144,14:44:39,25.84,0.0,1,2584,买盘
2145,14:44:42,25.84,0.0,52,134368,买盘
2146,14:44:45,25.83,-0.01,53,136922,卖盘
2147,14:44:48,25.84,0.01,9,23256,中性盘
2148,14:44:54,25.84,0.0,6,15504,卖盘
2149,14:45:06,25.85,0.01,9,23265,买盘
2150,14:45:09,25.84,-0.01,10,25840,卖盘
2151,14:45:16,25.85,0.01,14,36179,买盘
2152,14:45:18,25.85,0.0,20,51690,买盘
2153,14:45:24,25.84,-0.01,2,5168,卖盘
2154,14:45:27,25.85,0.01,33,85305,买盘
2155,14:45:33,25.85,0.0,6,15509,买盘
2156,14:45:36,25.84,-0.01,1,2584,卖盘
2157,14:45:39,25.84,0.0,2,5168,卖盘
2158,14:45:46,25.85,0.01,11,28435,买盘
2159,14:45:48,25.84,-0.01,2,5168,卖盘
2160,14:45:51,25.84,0.0,1,2584,卖盘
2161,14:45:54,25.84,0.0,3,7752,卖盘
2162,14:45:57,25.84,0.0,48,124032,卖盘
2163,14:46:00,25.83,-0.01,9,23260,卖盘
2164,14:46:03,25.83,0.0,1,2583,卖盘
2165,14:46:06,25.83,0.0,9,23247,卖盘
2166,14:46:09,25.83,0.0,1,2583,卖盘
2167,14:46:12,25.84,0.01,21,54245,买盘
2168,14:46:15,25.83,-0.01,1,2583,卖盘
2169,14:46:21,25.84,0.01,3,7752,买盘
2170,14:46:27,25.83,-0.01,1,2583,卖盘
2171,14:46:30,25.83,0.0,36,92988,卖盘
2172,14:46:33,25.82,-0.01,3,7746,卖盘
2173,14:46:36,25.83,0.01,23,59409,买盘
2174,14:46:45,25.82,-0.01,2,5164,卖盘
2175,14:46:49,25.82,0.0,1,2582,卖盘
2176,14:46:51,25.82,0.0,7,18074,卖盘
2177,14:46:54,25.82,0.0,2,5164,卖盘
2178,14:47:00,25.82,0.0,26,67132,卖盘
2179,14:47:04,25.83,0.01,12,30994,买盘
2180,14:47:06,25.82,-0.01,27,69714,卖盘
2181,14:47:09,25.81,-0.01,537,1386116,卖盘
2182,14:47:12,25.81,0.0,36,92926,卖盘
2183,14:47:15,25.81,0.0,60,154860,卖盘
2184,14:47:18,25.81,0.0,93,240033,卖盘
2185,14:47:21,25.81,0.0,17,43877,卖盘
2186,14:47:24,25.81,0.0,146,376826,卖盘
2187,14:47:27,25.81,0.0,6,15486,卖盘
2188,14:47:30,25.81,0.0,4,10324,卖盘
2189,14:47:33,25.81,0.0,92,237452,卖盘
2190,14:47:36,25.81,0.0,11,28392,卖盘
2191,14:47:39,25.81,0.0,5,12905,卖盘
2192,14:47:42,25.81,0.0,40,103240,卖盘
2193,14:47:45,25.81,0.0,6,15486,卖盘
2194,14:47:48,25.81,0.0,55,141962,卖盘
2195,14:47:51,25.81,0.0,2,5162,卖盘
2196,14:47:54,25.81,0.0,107,276167,卖盘
2197,14:47:57,25.81,0.0,39,100659,卖盘
2198,14:48:04,25.82,0.01,1,2582,买盘
2199,14:48:06,25.82,0.0,23,59383,买盘
2200,14:48:15,25.82,0.0,2,5164,卖盘
2201,14:48:21,25.82,0.0,11,28402,卖盘
2202,14:48:34,25.82,0.0,2,5164,卖盘
2203,14:48:39,25.83,0.01,13,33579,买盘
2204,14:48:42,25.82,-0.01,3,7746,卖盘
2205,14:48:48,25.82,0.0,2,5164,卖盘
2206,14:48:51,25.83,0.01,130,335790,买盘
2207,14:48:54,25.83,0.0,30,77490,买盘
2208,14:48:57,25.82,-0.01,5,12910,卖盘
2209,14:49:04,25.82,0.0,17,43892,买盘
2210,14:49:06,25.81,-0.01,1,2581,卖盘
2211,14:49:09,25.81,0.0,100,258100,卖盘
2212,14:49:12,25.81,0.0,10,25810,卖盘
2213,14:49:15,25.82,0.01,1,2582,买盘
2214,14:49:18,25.81,-0.01,131,338240,卖盘
2215,14:49:21,25.82,0.01,19,49056,买盘
2216,14:49:24,25.82,0.0,2,5163,买盘
2217,14:49:27,25.81,-0.01,4,10324,卖盘
2218,14:49:33,25.82,0.01,6,15492,买盘
2219,14:49:36,25.82,0.0,13,33566,卖盘
2220,14:49:39,25.83,0.01,20,51651,买盘
2221,14:49:45,25.82,-0.01,8,20663,卖盘
2222,14:49:48,25.82,0.0,1,2582,卖盘
2223,14:49:51,25.82,0.0,9,23238,卖盘
2224,14:49:54,25.82,0.0,2,5165,卖盘
2225,14:49:57,25.82,0.0,1,2582,卖盘
2226,14:50:01,25.83,0.01,4,10332,买盘
2227,14:50:04,25.83,0.0,5,12913,买盘
2228,14:50:06,25.83,0.0,1,2583,买盘
2229,14:50:09,25.81,-0.02,102,263311,卖盘
2230,14:50:12,25.82,0.01,21,54221,中性盘
2231,14:50:18,25.81,-0.01,2,5162,卖盘
2232,14:50:27,25.82,0.01,6,15492,买盘
2233,14:50:30,25.82,0.0,4,10326,买盘
2234,14:50:36,25.81,-0.01,2,5162,卖盘
2235,14:50:39,25.81,0.0,3,7743,卖盘
2236,14:50:42,25.81,0.0,104,268428,卖盘
2237,14:50:45,25.81,0.0,6,15486,卖盘
2238,14:50:48,25.81,0.0,2,5162,卖盘
2239,14:50:57,25.81,0.0,26,67117,卖盘
2240,14:51:04,25.81,0.0,11,28391,卖盘
2241,14:51:06,25.81,0.0,20,51620,卖盘
2242,14:51:09,25.81,0.0,17,43877,卖盘
2243,14:51:12,25.81,0.0,2,5162,卖盘
2244,14:51:18,25.81,0.0,4,10324,卖盘
2245,14:51:21,25.8,-0.01,103,265885,卖盘
2246,14:51:24,25.81,0.01,8,20647,中性盘
2247,14:51:27,25.8,-0.01,95,245111,卖盘
2248,14:51:30,25.78,-0.02,2,5156,卖盘
2249,14:51:33,25.82,0.04,57,147158,买盘
2250,14:51:36,25.82,0.0,2,5164,卖盘
2251,14:51:42,25.85,0.03,82,211817,买盘
2252,14:51:48,25.82,-0.03,13,33569,卖盘
2253,14:51:51,25.82,0.0,4,10328,买盘
2254,14:51:58,25.82,0.0,6,15492,买盘
2255,14:52:00,25.86,0.04,8,20660,买盘
2256,14:52:04,25.83,-0.03,2,5166,卖盘
2257,14:52:09,25.84,0.01,1,2584,卖盘
2258,14:52:12,25.83,-0.01,74,191161,卖盘
2259,14:52:15,25.86,0.03,21,54260,买盘
2260,14:52:18,25.82,-0.04,1,2582,卖盘
2261,14:52:24,25.85,0.03,1,2585,买盘
2262,14:52:28,25.83,-0.02,1,2583,卖盘
2263,14:52:36,25.84,0.01,1,2584,卖盘
2264,14:52:39,25.85,0.01,6,15500,买盘
2265,14:52:42,25.83,-0.02,20,51660,卖盘
2266,14:52:45,25.85,0.02,2,5170,买盘
2267,14:52:54,25.84,-0.01,11,28424,卖盘
2268,14:52:57,25.83,-0.01,2,5167,卖盘
2269,14:53:09,25.84,0.01,11,28424,卖盘
2270,14:53:12,25.84,0.0,21,54250,卖盘
2271,14:53:15,25.84,0.0,9,23256,买盘
2272,14:53:18,25.83,-0.01,12,30996,卖盘
2273,14:53:21,25.83,0.0,1,2583,买盘
2274,14:53:24,25.83,0.0,10,25830,买盘
2275,14:53:27,25.83,0.0,3,7747,买盘
2276,14:53:30,25.83,0.0,1,2583,买盘
2277,14:53:34,25.83,0.0,37,95571,买盘
2278,14:53:36,25.82,-0.01,2,5164,卖盘
2279,14:53:42,25.84,0.02,1,2584,买盘
2280,14:53:45,25.83,-0.01,4,10332,卖盘
2281,14:53:48,25.84,0.01,15,38760,买盘
2282,14:53:51,25.83,-0.01,3,7749,卖盘
2283,14:53:54,25.84,0.01,10,25840,买盘
2284,14:53:57,25.84,0.0,4,10333,买盘
2285,14:54:00,25.83,-0.01,3,7749,卖盘
2286,14:54:04,25.83,0.0,22,56826,卖盘
2287,14:54:06,25.83,0.0,7,18081,买盘
2288,14:54:12,25.83,0.0,5,12915,中性盘
2289,14:54:15,25.82,-0.01,4,10328,卖盘
2290,14:54:19,25.82,0.0,10,25834,卖盘
2291,14:54:21,25.83,0.01,4,10332,卖盘
2292,14:54:24,25.83,0.0,8,20664,卖盘
2293,14:54:27,25.82,-0.01,3,7747,卖盘
2294,14:54:30,25.82,0.0,2,5164,卖盘
2295,14:54:36,25.82,0.0,4,10328,卖盘
2296,14:54:39,25.84,0.02,7,18086,买盘
2297,14:54:42,25.84,0.0,1,2584,买盘
2298,14:54:45,25.83,-0.01,2,5166,卖盘
2299,14:54:51,25.83,0.0,11,28413,卖盘
2300,14:54:54,25.83,0.0,43,111100,卖盘
2301,14:54:57,25.83,0.0,2,5165,买盘
2302,14:55:01,25.83,0.0,36,92988,买盘
2303,14:55:04,25.82,-0.01,20,51658,卖盘
2304,14:55:09,25.82,0.0,15,38744,卖盘
2305,14:55:12,25.82,0.0,11,28402,卖盘
2306,14:55:15,25.83,0.01,2,5166,买盘
2307,14:55:18,25.82,-0.01,10,25820,卖盘
2308,14:55:28,25.82,0.0,29,74905,卖盘
2309,14:55:31,25.82,0.0,3,7747,卖盘
2310,14:55:34,25.82,0.0,2,5164,卖盘
2311,14:55:36,25.82,0.0,3,7747,卖盘
2312,14:55:39,25.83,0.01,18,46486,买盘
2313,14:55:42,25.82,-0.01,96,247950,卖盘
2314,14:55:51,25.85,0.03,81,209348,买盘
2315,14:55:55,25.85,0.0,2,5170,卖盘
2316,14:55:58,25.85,0.0,10,25850,卖盘
2317,14:56:03,25.86,0.01,9,23274,买盘
2318,14:56:06,25.86,0.0,7,18102,买盘
2319,14:56:09,25.87,0.01,9,23307,中性盘
2320,14:56:12,25.87,0.0,2,5174,卖盘
2321,14:56:18,25.95,0.08,13,33719,买盘
2322,14:56:21,25.88,-0.07,1,2588,卖盘
2323,14:56:28,25.88,0.0,2,5176,卖盘
2324,14:56:31,25.88,0.0,10,25880,卖盘
2325,14:56:33,25.88,0.0,10,25880,卖盘
2326,14:56:36,25.9,0.02,5,12950,买盘
2327,14:56:39,25.94,0.04,12,31128,买盘
2328,14:56:45,25.96,0.02,62,160934,买盘
2329,14:56:51,25.97,0.01,1,2597,买盘
2330,14:56:54,25.97,0.0,19,49336,买盘
2331,14:56:58,25.97,0.0,1,2597,中性盘
2332,14:57:00,25.97,0.0,1,2597,卖盘
2333,15:00:04,25.96,-0.01,309,802164,卖盘
