,time,price,change,volume,amount,type
0,09:25:04,6.05,0.04,307,185735,卖盘
1,09:30:04,6.06,0.01,479,290151,买盘
2,09:30:07,6.05,-0.01,34,20601,卖盘
3,09:30:13,6.07,0.02,3,1821,买盘
4,09:30:22,6.07,0.0,18,10926,买盘
5,09:30:28,6.05,-0.02,283,171464,卖盘
6,09:30:31,6.05,0.0,106,64230,卖盘
7,09:30:43,6.05,0.0,167,101039,卖盘
8,09:30:46,6.06,0.01,5,3030,买盘
9,09:30:48,6.06,0.0,50,30300,买盘
10,09:30:51,6.05,-0.01,63,38115,卖盘
11,09:30:55,6.06,0.01,117,70845,买盘
12,09:30:58,6.05,-0.01,11,6655,卖盘
13,09:31:00,6.05,0.0,4,2420,买盘
14,09:31:04,6.05,0.0,9,5445,买盘
15,09:31:06,6.05,0.0,81,48945,买盘
16,09:31:10,6.04,-0.01,56,33842,卖盘
17,09:31:13,6.04,0.0,23,13892,买盘
18,09:31:16,6.04,0.0,29,17516,卖盘
19,09:31:19,6.04,0.0,12,7237,买盘
20,09:31:22,6.04,0.0,5,3020,买盘
21,09:31:27,6.04,0.0,17,10268,买盘
22,09:31:31,6.04,0.0,112,67622,买盘
23,09:31:34,6.04,0.0,17,10268,买盘
24,09:31:37,6.04,0.0,23,13872,买盘
25,09:31:40,6.03,-0.01,11,6643,卖盘
26,09:31:43,6.04,0.01,7,4228,买盘
27,09:31:46,6.03,-0.01,14,8442,卖盘
28,09:31:52,6.04,0.01,90,54330,买盘
29,09:31:55,6.04,0.0,71,42824,买盘
30,09:31:57,6.03,-0.01,39,23517,卖盘
31,09:32:01,6.03,0.0,28,16884,卖盘
32,09:32:04,6.04,0.01,104,62783,买盘
33,09:32:10,6.04,0.0,75,45288,买盘
34,09:32:12,6.03,-0.01,104,62732,卖盘
35,09:32:16,6.04,0.01,16,9664,中性盘
36,09:32:19,6.04,0.0,2,1208,买盘
37,09:32:22,6.03,-0.01,45,27135,卖盘
38,09:32:25,6.04,0.01,33,19909,买盘
39,09:32:31,6.03,-0.01,16,9657,卖盘
40,09:32:33,6.04,0.01,7,4228,买盘
41,09:32:37,6.04,0.0,11,6644,卖盘
42,09:32:46,6.04,0.0,6,3624,买盘
43,09:32:49,6.03,-0.01,130,78390,卖盘
44,09:32:52,6.03,0.0,20,12060,卖盘
45,09:32:58,6.04,0.01,22,13288,买盘
46,09:33:01,6.03,-0.01,97,58547,卖盘
47,09:33:04,6.03,0.0,215,129816,卖盘
48,09:33:07,6.04,0.01,37,22348,卖盘
49,09:33:09,6.04,0.0,27,16308,买盘
50,09:33:13,6.04,0.0,3,1812,卖盘
51,09:33:16,6.04,0.0,26,15704,卖盘
52,09:33:19,6.04,0.0,1,604,卖盘
53,09:33:28,6.04,0.0,42,25368,卖盘
54,09:33:31,6.05,0.01,1,605,买盘
55,09:33:37,6.04,-0.01,47,28388,卖盘
56,09:33:43,6.05,0.01,3,1815,买盘
57,09:33:52,6.05,0.0,4,2420,买盘
58,09:33:55,6.05,0.0,65,39325,买盘
59,09:33:57,6.04,-0.01,11,6644,卖盘
60,09:34:01,6.05,0.01,30,18150,买盘
61,09:34:04,6.05,0.0,122,73712,买盘
62,09:34:06,6.05,0.0,19,11495,买盘
63,09:34:13,6.05,0.0,292,176660,买盘
64,09:34:21,6.06,0.01,6,3636,买盘
65,09:34:25,6.06,0.0,7,4242,买盘
66,09:34:28,6.05,-0.01,5,3025,卖盘
67,09:34:33,6.06,0.01,35,21210,买盘
68,09:34:36,6.06,0.0,33,19992,买盘
69,09:34:40,6.06,0.0,43,26058,买盘
70,09:34:43,6.06,0.0,510,309060,买盘
71,09:34:46,6.06,0.0,119,72104,买盘
72,09:34:49,6.06,0.0,20,12120,卖盘
73,09:34:52,6.06,0.0,13,7878,卖盘
74,09:34:54,6.07,0.01,3,1821,买盘
75,09:35:01,6.07,0.0,15,9105,买盘
76,09:35:06,6.07,0.0,63,38241,买盘
77,09:35:13,6.07,0.0,44,26708,买盘
78,09:35:16,6.07,0.0,48,29136,买盘
79,09:35:19,6.07,0.0,11,6677,买盘
80,09:35:25,6.07,0.0,123,74661,买盘
81,09:35:28,6.07,0.0,65,39455,买盘
82,09:35:31,6.07,0.0,84,50988,买盘
83,09:35:34,6.07,0.0,40,24280,卖盘
84,09:35:37,6.07,0.0,25,15175,买盘
85,09:35:40,6.07,0.0,18,10926,买盘
86,09:35:43,6.07,0.0,39,23673,买盘
87,09:35:46,6.07,0.0,36,21829,买盘
88,09:35:49,6.07,0.0,112,67979,买盘
89,09:35:57,6.07,0.0,219,132733,买盘
90,09:36:01,6.07,0.0,8,4856,买盘
91,09:36:04,6.07,0.0,43,26101,买盘
92,09:36:10,6.07,0.0,48,29136,买盘
93,09:36:12,6.07,0.0,35,21245,卖盘
94,09:36:19,6.07,0.0,13,7891,卖盘
95,09:36:25,6.07,0.0,28,16996,卖盘
96,09:36:33,6.07,0.0,12,7284,卖盘
97,09:36:37,6.08,0.01,140,85120,买盘
98,09:36:39,6.07,-0.01,1,607,卖盘
99,09:36:43,6.07,0.0,4,2428,卖盘
100,09:36:46,6.08,0.01,189,114912,买盘
101,09:36:49,6.08,0.0,5,3040,买盘
102,09:36:52,6.08,0.0,30,18240,买盘
103,09:36:55,6.08,0.0,33,20064,买盘
104,09:36:58,6.08,0.0,104,63232,买盘
105,09:37:04,6.09,0.01,180,109620,买盘
106,09:37:06,6.09,0.0,126,76734,买盘
107,09:37:13,6.09,0.0,4,2436,卖盘
108,09:37:16,6.1,0.01,129,78690,买盘
109,09:37:19,6.1,0.0,104,63440,买盘
110,09:37:22,6.1,0.0,118,71925,买盘
111,09:37:24,6.1,0.0,54,32940,买盘
112,09:37:27,6.1,0.0,285,174094,买盘
113,09:37:31,6.1,0.0,6,3660,卖盘
114,09:37:34,6.1,0.0,5,3050,卖盘
115,09:37:37,6.11,0.01,207,126477,买盘
116,09:37:40,6.11,0.0,104,63544,卖盘
117,09:37:43,6.11,0.0,27,16497,买盘
118,09:37:46,6.11,0.0,19,11609,买盘
119,09:37:49,6.1,-0.01,8,4880,卖盘
120,09:37:52,6.1,0.0,152,92498,卖盘
121,09:37:55,6.09,-0.01,60,36577,卖盘
122,09:37:58,6.1,0.01,16,9754,买盘
123,09:38:01,6.09,-0.01,96,58530,卖盘
124,09:38:07,6.09,0.0,82,49938,卖盘
125,09:38:09,6.09,0.0,172,104905,卖盘
126,09:38:13,6.09,0.0,43,26187,卖盘
127,09:38:22,6.09,0.0,187,113883,买盘
128,09:38:25,6.09,0.0,55,33465,买盘
129,09:38:31,6.08,-0.01,19,11552,卖盘
130,09:38:34,6.08,0.0,32,19480,卖盘
131,09:38:37,6.09,0.01,22,13393,买盘
132,09:38:40,6.08,-0.01,8,4864,卖盘
133,09:38:43,6.08,0.0,65,39553,卖盘
134,09:38:46,6.08,0.0,15,9120,买盘
135,09:38:52,6.08,0.0,50,30400,买盘
136,09:38:54,6.08,0.0,73,44384,买盘
137,09:39:01,6.08,0.0,21,12768,买盘
138,09:39:10,6.08,0.0,21,12768,买盘
139,09:39:16,6.08,0.0,10,6080,买盘
140,09:39:19,6.08,0.0,2,1216,买盘
141,09:39:22,6.08,0.0,10,6080,买盘
142,09:39:31,6.08,0.0,26,15808,买盘
143,09:39:34,6.08,0.0,2,1216,买盘
144,09:39:37,6.08,0.0,27,16406,买盘
145,09:39:42,6.08,0.0,120,72960,买盘
146,09:39:46,6.08,0.0,31,18848,买盘
147,09:39:49,6.08,0.0,26,15808,买盘
148,09:39:52,6.09,0.01,232,141249,买盘
149,09:40:04,6.09,0.0,295,179655,买盘
150,09:40:07,6.09,0.0,10,6090,卖盘
151,09:40:10,6.1,0.01,53,32304,买盘
152,09:40:16,6.1,0.0,420,256170,买盘
153,09:40:19,6.1,0.0,63,38674,买盘
154,09:40:27,6.11,0.01,95,58045,买盘
155,09:40:31,6.1,-0.01,250,152500,卖盘
156,09:40:34,6.1,0.0,3,1830,卖盘
157,09:40:37,6.1,0.0,2,1220,卖盘
158,09:40:40,6.11,0.01,37,22602,买盘
159,09:40:43,6.1,-0.01,40,24410,卖盘
160,09:40:46,6.11,0.01,121,73880,买盘
161,09:40:49,6.1,-0.01,30,18051,卖盘
162,09:40:52,6.1,0.0,448,273352,买盘
163,09:40:55,6.11,0.01,10,6110,买盘
164,09:40:58,6.11,0.0,62,37882,买盘
165,09:41:00,6.12,0.01,67,40946,买盘
166,09:41:04,6.11,-0.01,90,54990,中性盘
167,09:41:07,6.11,0.0,55,33605,卖盘
168,09:41:10,6.12,0.01,157,96028,买盘
169,09:41:13,6.11,-0.01,25,15295,卖盘
170,09:41:16,6.11,0.0,311,190021,卖盘
171,09:41:19,6.11,0.0,7,4277,买盘
172,09:41:21,6.11,0.0,106,64766,买盘
173,09:41:25,6.11,0.0,61,37271,卖盘
174,09:41:28,6.12,0.01,147,89844,买盘
175,09:41:31,6.12,0.0,64,39131,买盘
176,09:41:34,6.11,-0.01,89,54379,卖盘
177,09:41:37,6.11,0.0,29,17719,买盘
178,09:41:40,6.11,0.0,69,42159,买盘
179,09:41:42,6.11,0.0,79,48262,买盘
180,09:41:46,6.11,0.0,7,4277,买盘
181,09:41:49,6.11,0.0,1,611,买盘
182,09:41:52,6.11,0.0,63,38483,买盘
183,09:41:55,6.11,0.0,15,9165,买盘
184,09:41:58,6.11,0.0,71,43381,买盘
185,09:42:01,6.11,0.0,17,10387,买盘
186,09:42:07,6.1,-0.01,25,15250,卖盘
187,09:42:10,6.1,0.0,73,44593,卖盘
188,09:42:13,6.1,0.0,108,65880,卖盘
189,09:42:16,6.1,0.0,5,3050,卖盘
190,09:42:19,6.1,0.0,2,1220,卖盘
191,09:42:22,6.1,0.0,25,15250,卖盘
192,09:42:25,6.1,0.0,111,67710,卖盘
193,09:42:28,6.1,0.0,92,56120,卖盘
194,09:42:31,6.1,0.0,29,17690,买盘
195,09:42:33,6.1,0.0,50,30500,卖盘
196,09:42:37,6.11,0.01,156,95316,买盘
197,09:42:40,6.1,-0.01,28,17080,卖盘
198,09:42:43,6.1,0.0,137,83570,卖盘
199,09:42:46,6.11,0.01,15,9165,买盘
200,09:42:48,6.1,-0.01,250,152500,卖盘
201,09:42:52,6.11,0.01,46,28106,买盘
202,09:42:58,6.1,-0.01,13,7930,卖盘
203,09:43:04,6.1,0.0,6,3660,卖盘
204,09:43:06,6.11,0.01,50,30550,买盘
205,09:43:12,6.11,0.0,7,4277,买盘
206,09:43:19,6.1,-0.01,28,17098,卖盘
207,09:43:22,6.11,0.01,2,1222,买盘
208,09:43:25,6.1,-0.01,94,57340,卖盘
209,09:43:28,6.11,0.01,18,10998,买盘
210,09:43:31,6.1,-0.01,8,4880,卖盘
211,09:43:33,6.11,0.01,17,10387,买盘
212,09:43:36,6.11,0.0,84,51318,买盘
213,09:43:46,6.11,0.0,24,14664,买盘
214,09:43:49,6.11,0.0,68,41548,买盘
215,09:43:52,6.1,-0.01,27,16470,卖盘
216,09:43:58,6.11,0.01,101,61681,买盘
217,09:44:01,6.1,-0.01,42,25620,卖盘
218,09:44:04,6.11,0.01,48,29328,买盘
219,09:44:10,6.1,-0.01,2,1220,卖盘
220,09:44:15,6.1,0.0,9,5490,卖盘
221,09:44:22,6.1,0.0,119,72590,卖盘
222,09:44:31,6.1,0.0,25,15250,卖盘
223,09:44:36,6.1,0.0,15,9150,卖盘
224,09:44:40,6.11,0.01,10,6110,买盘
225,09:44:43,6.1,-0.01,2,1220,卖盘
226,09:44:49,6.1,0.0,57,34770,卖盘
227,09:44:52,6.1,0.0,185,112850,卖盘
228,09:44:55,6.1,0.0,44,26850,卖盘
229,09:44:57,6.1,0.0,45,27450,卖盘
230,09:45:01,6.1,0.0,35,21350,卖盘
231,09:45:12,6.1,0.0,29,17690,买盘
232,09:45:16,6.09,-0.01,28,17052,卖盘
233,09:45:19,6.1,0.01,50,30478,买盘
234,09:45:22,6.09,-0.01,33,20129,卖盘
235,09:45:25,6.1,0.01,10,6100,买盘
236,09:45:27,6.1,0.0,19,11590,买盘
237,09:45:43,6.1,0.0,60,36550,买盘
238,09:45:46,6.1,0.0,74,45090,买盘
239,09:45:49,6.1,0.0,103,62830,买盘
240,09:45:51,6.09,-0.01,5,3045,卖盘
241,09:45:55,6.09,0.0,32,19488,卖盘
242,09:46:01,6.09,0.0,65,39630,卖盘
243,09:46:15,6.09,0.0,11,6699,卖盘
244,09:46:33,6.08,-0.01,477,290398,卖盘
245,09:46:57,6.09,0.01,6,3654,买盘
246,09:47:01,6.09,0.0,21,12784,买盘
247,09:47:06,6.09,0.0,2,1218,买盘
248,09:47:19,6.08,-0.01,96,58368,卖盘
249,09:47:22,6.08,0.0,20,12160,卖盘
250,09:47:37,6.09,0.01,2,1218,买盘
251,09:47:42,6.08,-0.01,15,9120,卖盘
252,09:47:46,6.09,0.01,3,1827,买盘
253,09:47:52,6.08,-0.01,5,3040,卖盘
254,09:47:58,6.08,0.0,50,30400,卖盘
255,09:48:01,6.08,0.0,5,3040,卖盘
256,09:48:04,6.08,0.0,4,2432,卖盘
257,09:48:07,6.08,0.0,39,23712,卖盘
258,09:48:10,6.08,0.0,5,3040,卖盘
259,09:48:19,6.08,0.0,41,24928,卖盘
260,09:48:25,6.09,0.01,36,21904,买盘
261,09:48:28,6.08,-0.01,30,18240,卖盘
262,09:48:33,6.08,0.0,47,28576,卖盘
263,09:48:37,6.08,0.0,197,119781,卖盘
264,09:48:43,6.09,0.01,5,3045,买盘
265,09:48:46,6.08,-0.01,100,60800,卖盘
266,09:48:51,6.08,0.0,165,100320,卖盘
267,09:48:55,6.08,0.0,380,231074,卖盘
268,09:48:57,6.08,0.0,14,8512,买盘
269,09:49:01,6.08,0.0,38,23104,买盘
270,09:49:07,6.08,0.0,30,18240,买盘
271,09:49:10,6.08,0.0,14,8512,买盘
272,09:49:12,6.08,0.0,10,6080,买盘
273,09:49:16,6.07,-0.01,48,29141,卖盘
274,09:49:19,6.08,0.01,5,3040,买盘
275,09:49:22,6.07,-0.01,9,5468,卖盘
276,09:49:28,6.08,0.01,28,17021,买盘
277,09:49:46,6.08,0.0,263,159904,买盘
278,09:49:55,6.08,0.0,20,12160,卖盘
279,09:49:58,6.08,0.0,16,9734,卖盘
280,09:50:01,6.08,0.0,65,39535,卖盘
281,09:50:04,6.08,0.0,50,30400,卖盘
282,09:50:07,6.08,0.0,30,18240,卖盘
283,09:50:10,6.08,0.0,60,36480,卖盘
284,09:50:12,6.09,0.01,1,609,买盘
285,09:50:16,6.09,0.0,6,3654,买盘
286,09:50:22,6.08,-0.01,7,4256,卖盘
287,09:50:25,6.09,0.01,34,20706,买盘
288,09:50:34,6.09,0.0,118,71862,买盘
289,09:50:40,6.08,-0.01,4,2432,卖盘
290,09:50:43,6.08,0.0,5,3040,卖盘
291,09:50:46,6.08,0.0,49,29792,卖盘
292,09:50:49,6.09,0.01,1,609,买盘
293,09:50:52,6.09,0.0,54,32886,买盘
294,09:51:00,6.08,-0.01,10,6080,卖盘
295,09:51:06,6.09,0.01,3,1827,买盘
296,09:51:09,6.08,-0.01,28,17024,卖盘
297,09:51:13,6.09,0.01,34,20706,买盘
298,09:51:22,6.09,0.0,2,1218,买盘
299,09:51:24,6.09,0.0,87,52983,买盘
300,09:51:34,6.09,0.0,10,6090,买盘
301,09:51:39,6.09,0.0,17,10353,买盘
302,09:51:58,6.09,0.0,7,4263,买盘
303,09:52:04,6.08,-0.01,1,608,卖盘
304,09:52:06,6.09,0.01,34,20706,买盘
305,09:52:15,6.09,0.0,30,18270,买盘
306,09:52:18,6.09,0.0,18,10962,买盘
307,09:52:22,6.09,0.0,25,15225,卖盘
308,09:52:27,6.09,0.0,2,1218,卖盘
309,09:52:34,6.09,0.0,52,31668,卖盘
310,09:52:40,6.09,0.0,139,84651,卖盘
311,09:52:49,6.09,0.0,10,6090,卖盘
312,09:52:52,6.09,0.0,19,11571,卖盘
313,09:53:04,6.09,0.0,36,21924,卖盘
314,09:53:07,6.09,0.0,24,14636,卖盘
315,09:53:10,6.09,0.0,10,6090,卖盘
316,09:53:13,6.1,0.01,20,12200,买盘
317,09:53:34,6.1,0.0,42,25620,买盘
318,09:53:43,6.09,-0.01,5,3045,卖盘
319,09:53:45,6.1,0.01,20,12200,买盘
320,09:53:49,6.1,0.0,50,30500,买盘
321,09:53:52,6.09,-0.01,140,85263,卖盘
322,09:53:55,6.09,0.0,1,609,卖盘
323,09:53:58,6.1,0.01,374,228081,买盘
324,09:54:13,6.09,-0.01,15,9135,卖盘
325,09:54:15,6.09,0.0,7,4263,卖盘
326,09:54:22,6.09,0.0,51,31059,卖盘
327,09:54:31,6.09,0.0,115,70034,买盘
328,09:54:36,6.09,0.0,20,12180,卖盘
329,09:54:52,6.09,0.0,5,3045,买盘
330,09:54:55,6.09,0.0,16,9744,买盘
331,09:54:58,6.08,-0.01,37,22496,卖盘
332,09:55:10,6.08,0.0,2,1216,卖盘
333,09:55:13,6.09,0.01,18,10962,买盘
334,09:55:34,6.09,0.0,2,1218,卖盘
335,09:55:49,6.09,0.0,2,1218,卖盘
336,09:55:52,6.1,0.01,3,1829,买盘
337,09:56:19,6.09,-0.01,164,100039,卖盘
338,09:56:22,6.09,0.0,52,31668,卖盘
339,09:56:25,6.09,0.0,9,5481,卖盘
340,09:56:40,6.09,0.0,25,15230,卖盘
341,09:56:49,6.09,0.0,30,18270,卖盘
342,09:56:52,6.09,0.0,1,609,卖盘
343,09:56:55,6.09,0.0,23,14007,卖盘
344,09:56:58,6.1,0.01,10,6100,买盘
345,09:57:04,6.1,0.0,25,15250,买盘
346,09:57:10,6.09,-0.01,2,1218,卖盘
347,09:57:15,6.09,0.0,1,609,卖盘
348,09:57:22,6.1,0.01,16,9760,买盘
349,09:57:34,6.1,0.0,5,3050,买盘
350,09:57:37,6.1,0.0,4,2440,买盘
351,09:57:40,6.09,-0.01,4,2436,卖盘
352,09:57:45,6.09,0.0,249,151641,卖盘
353,09:57:49,6.09,0.0,4,2436,卖盘
354,09:57:52,6.09,0.0,1,609,卖盘
355,09:57:58,6.09,0.0,85,51765,卖盘
356,09:58:04,6.09,0.0,37,22533,买盘
357,09:58:19,6.09,0.0,39,23751,卖盘
358,09:58:22,6.1,0.01,4,2440,买盘
359,09:58:24,6.09,-0.01,12,7318,卖盘
360,09:58:28,6.09,0.0,25,15225,卖盘
361,09:58:30,6.09,0.0,6,3654,卖盘
362,09:58:49,6.09,0.0,52,31668,买盘
363,09:58:52,6.08,-0.01,44,26752,卖盘
364,09:58:55,6.09,0.01,13,7917,买盘
365,09:58:58,6.08,-0.01,32,19483,卖盘
366,09:59:06,6.1,0.02,28,17061,买盘
367,09:59:16,6.1,0.0,147,89670,买盘
368,09:59:19,6.09,-0.01,12,7308,卖盘
369,09:59:28,6.09,0.0,10,6090,卖盘
370,09:59:31,6.09,0.0,88,53592,卖盘
371,09:59:34,6.09,0.0,8,4872,买盘
372,09:59:37,6.09,0.0,9,5481,买盘
373,09:59:43,6.09,0.0,15,9135,卖盘
374,09:59:46,6.09,0.0,20,12180,卖盘
375,09:59:49,6.09,0.0,10,6090,卖盘
376,09:59:51,6.09,0.0,19,11571,卖盘
377,10:00:04,6.09,0.0,2,1218,卖盘
378,10:00:07,6.09,0.0,3,1827,卖盘
379,10:00:13,6.09,0.0,5,3045,买盘
380,10:00:28,6.08,-0.01,80,48642,卖盘
381,10:00:36,6.08,0.0,26,15808,卖盘
382,10:00:43,6.08,0.0,2,1217,卖盘
383,10:00:55,6.09,0.01,307,186661,买盘
384,10:01:01,6.09,0.0,1,609,买盘
385,10:01:13,6.09,0.0,58,35322,买盘
386,10:01:15,6.09,0.0,31,18868,买盘
387,10:01:19,6.08,-0.01,19,11552,卖盘
388,10:01:25,6.09,0.01,35,21315,买盘
389,10:01:28,6.08,-0.01,35,21280,卖盘
390,10:01:37,6.09,0.01,80,48720,买盘
391,10:01:40,6.08,-0.01,134,81472,卖盘
392,10:01:43,6.09,0.01,4,2436,买盘
393,10:01:45,6.08,-0.01,1,608,卖盘
394,10:02:04,6.09,0.01,3,1827,买盘
395,10:02:10,6.08,-0.01,5,3040,卖盘
396,10:02:13,6.08,0.0,1,608,卖盘
397,10:02:15,6.08,0.0,26,15808,卖盘
398,10:02:25,6.09,0.01,9,5481,买盘
399,10:02:36,6.09,0.0,24,14616,买盘
400,10:02:42,6.08,-0.01,44,26752,卖盘
401,10:02:46,6.08,0.0,1,608,卖盘
402,10:02:55,6.09,0.01,103,62727,买盘
403,10:03:06,6.09,0.0,5,3045,买盘
404,10:03:09,6.08,-0.01,2,1216,卖盘
405,10:03:16,6.08,0.0,1,608,卖盘
406,10:03:30,6.08,0.0,20,12160,卖盘
407,10:03:34,6.08,0.0,23,13984,卖盘
408,10:03:40,6.08,0.0,1,608,卖盘
409,10:03:48,6.08,0.0,1,608,卖盘
410,10:03:58,6.08,0.0,54,32832,卖盘
411,10:04:04,6.08,0.0,22,13376,卖盘
412,10:04:19,6.09,0.01,2,1218,买盘
413,10:04:22,6.08,-0.01,2,1216,卖盘
414,10:04:40,6.08,0.0,18,10944,卖盘
415,10:04:51,6.08,0.0,1,608,卖盘
416,10:05:04,6.08,0.0,92,55936,卖盘
417,10:05:07,6.09,0.01,24,14616,买盘
418,10:05:18,6.08,-0.01,1,608,卖盘
419,10:05:28,6.09,0.01,110,66990,买盘
420,10:05:30,6.08,-0.01,37,22496,卖盘
421,10:05:46,6.08,0.0,22,13376,卖盘
422,10:05:52,6.08,0.0,54,32832,卖盘
423,10:06:04,6.09,0.01,8,4872,买盘
424,10:06:09,6.09,0.0,59,35931,买盘
425,10:06:16,6.09,0.0,10,6090,买盘
426,10:06:19,6.09,0.0,32,19488,买盘
427,10:06:25,6.08,-0.01,8,4864,卖盘
428,10:06:28,6.08,0.0,50,30400,卖盘
429,10:06:33,6.08,0.0,135,82184,卖盘
430,10:06:37,6.09,0.01,31,18856,买盘
431,10:06:40,6.09,0.0,57,34713,买盘
432,10:06:43,6.08,-0.01,8,4864,卖盘
433,10:06:52,6.09,0.01,10,6090,买盘
434,10:06:55,6.09,0.0,10,6090,买盘
435,10:06:58,6.09,0.0,40,24360,买盘
436,10:07:01,6.08,-0.01,8,4864,卖盘
437,10:07:09,6.08,0.0,30,18240,卖盘
438,10:07:24,6.08,0.0,1,608,卖盘
439,10:07:28,6.08,0.0,27,16416,卖盘
440,10:07:46,6.09,0.01,390,237510,买盘
441,10:08:00,6.09,0.0,49,29802,买盘
442,10:08:09,6.09,0.0,5,3045,买盘
443,10:08:13,6.09,0.0,20,12180,买盘
444,10:08:16,6.09,0.0,111,67599,买盘
445,10:08:19,6.09,0.0,39,23721,买盘
446,10:08:49,6.09,0.0,1,609,卖盘
447,10:08:58,6.09,0.0,14,8526,卖盘
448,10:09:01,6.09,0.0,25,15225,卖盘
449,10:09:04,6.09,0.0,1,609,卖盘
450,10:09:13,6.09,0.0,4,2436,卖盘
451,10:09:19,6.09,0.0,24,14616,卖盘
452,10:09:25,6.09,0.0,11,6699,买盘
453,10:09:27,6.09,0.0,4,2436,卖盘
454,10:09:31,6.09,0.0,10,6090,卖盘
455,10:09:37,6.1,0.01,6,3660,买盘
456,10:09:40,6.09,-0.01,3,1827,卖盘
457,10:09:45,6.1,0.01,15,9150,买盘
458,10:09:51,6.09,-0.01,85,51765,卖盘
459,10:10:01,6.09,0.0,22,13398,买盘
460,10:10:04,6.09,0.0,1,609,买盘
461,10:10:07,6.09,0.0,10,6090,买盘
462,10:10:10,6.08,-0.01,27,16416,卖盘
463,10:10:13,6.08,0.0,12,7307,卖盘
464,10:10:22,6.08,0.0,550,334400,卖盘
465,10:10:37,6.09,0.01,27,16443,买盘
466,10:10:40,6.08,-0.01,1,608,卖盘
467,10:10:49,6.08,0.0,1,608,卖盘
468,10:11:01,6.09,0.01,35,21315,买盘
469,10:11:13,6.08,-0.01,305,185445,卖盘
470,10:11:16,6.09,0.01,20,12179,买盘
471,10:11:25,6.08,-0.01,7,4256,卖盘
472,10:11:30,6.09,0.01,10,6090,买盘
473,10:11:34,6.08,-0.01,32,19459,卖盘
474,10:11:36,6.09,0.01,11,6699,买盘
475,10:11:39,6.09,0.0,10,6090,买盘
476,10:11:46,6.09,0.0,5,3045,买盘
477,10:11:52,6.08,-0.01,13,7904,卖盘
478,10:12:00,6.09,0.01,11,6699,买盘
479,10:12:06,6.09,0.0,40,24360,买盘
480,10:12:12,6.09,0.0,10,6090,买盘
481,10:12:25,6.08,-0.01,1,608,卖盘
482,10:12:36,6.09,0.01,50,30450,买盘
483,10:12:43,6.09,0.0,4,2436,买盘
484,10:12:46,6.08,-0.01,100,60800,卖盘
485,10:12:49,6.09,0.01,5,3045,买盘
486,10:12:55,6.09,0.0,15,9135,买盘
487,10:12:57,6.08,-0.01,1,608,卖盘
488,10:13:04,6.08,0.0,8,4882,卖盘
489,10:13:28,6.08,0.0,4,2432,卖盘
490,10:13:31,6.08,0.0,1,608,卖盘
491,10:13:34,6.08,0.0,3,1824,卖盘
492,10:13:37,6.08,0.0,28,17024,卖盘
493,10:13:45,6.08,0.0,97,58976,卖盘
494,10:13:48,6.09,0.01,34,20706,买盘
495,10:13:55,6.08,-0.01,116,70528,卖盘
496,10:14:00,6.09,0.01,76,46284,买盘
497,10:14:06,6.09,0.0,4,2435,买盘
498,10:14:12,6.08,-0.01,438,266304,卖盘
499,10:14:16,6.08,0.0,35,21280,卖盘
500,10:14:19,6.08,0.0,94,57134,卖盘
501,10:14:25,6.08,0.0,6,3666,买盘
502,10:14:28,6.08,0.0,22,13376,卖盘
503,10:14:34,6.08,0.0,50,30400,卖盘
504,10:14:39,6.08,0.0,1,608,卖盘
505,10:14:45,6.09,0.01,6,3654,买盘
506,10:14:49,6.08,-0.01,1,608,卖盘
507,10:14:52,6.08,0.0,20,12160,卖盘
508,10:14:57,6.08,0.0,12,7296,卖盘
509,10:15:01,6.08,0.0,4,2432,卖盘
510,10:15:04,6.08,0.0,3,1824,卖盘
511,10:15:16,6.08,0.0,23,13984,卖盘
512,10:15:19,6.08,0.0,156,94848,卖盘
513,10:15:22,6.09,0.01,42,25548,买盘
514,10:15:25,6.08,-0.01,4,2432,卖盘
515,10:15:28,6.09,0.01,10,6090,买盘
516,10:15:40,6.08,-0.01,12,7296,卖盘
517,10:15:48,6.08,0.0,1,608,卖盘
518,10:15:54,6.08,0.0,40,24320,卖盘
519,10:16:01,6.08,0.0,15,9120,卖盘
520,10:16:04,6.08,0.0,137,83278,卖盘
521,10:16:10,6.08,0.0,20,12160,买盘
522,10:16:13,6.08,0.0,14,8512,买盘
523,10:16:22,6.07,-0.01,1,607,卖盘
524,10:16:27,6.07,0.0,1,607,卖盘
525,10:16:30,6.08,0.01,50,30400,买盘
526,10:16:34,6.08,0.0,5,3040,买盘
527,10:16:40,6.07,-0.01,27,16389,卖盘
528,10:16:46,6.07,0.0,4,2428,卖盘
529,10:16:52,6.08,0.01,10,6080,买盘
530,10:16:57,6.08,0.0,42,25536,买盘
531,10:17:04,6.07,-0.01,1,607,卖盘
532,10:17:07,6.07,0.0,6,3642,卖盘
533,10:17:13,6.08,0.01,22,13376,买盘
534,10:17:19,6.07,-0.01,165,100155,卖盘
535,10:17:21,6.08,0.01,6,3648,买盘
536,10:17:25,6.07,-0.01,15,9105,卖盘
537,10:17:28,6.08,0.01,3,1824,买盘
538,10:17:30,6.08,0.0,7,4256,买盘
539,10:17:37,6.07,-0.01,1,607,卖盘
540,10:17:46,6.07,0.0,10,6070,卖盘
541,10:17:55,6.07,0.0,50,30350,卖盘
542,10:18:12,6.07,0.0,59,35813,卖盘
543,10:18:22,6.07,0.0,18,10926,卖盘
544,10:18:24,6.07,0.0,46,27922,卖盘
545,10:18:27,6.07,0.0,45,27315,卖盘
546,10:18:42,6.07,0.0,36,21852,卖盘
547,10:18:49,6.07,0.0,1,607,卖盘
548,10:18:54,6.07,0.0,106,64342,卖盘
549,10:18:58,6.07,0.0,346,210022,卖盘
550,10:19:00,6.07,0.0,30,18210,卖盘
551,10:19:04,6.07,0.0,5,3035,卖盘
552,10:19:07,6.07,0.0,373,226411,卖盘
553,10:19:10,6.07,0.0,3,1821,买盘
554,10:19:28,6.07,0.0,5,3032,买盘
555,10:19:34,6.06,-0.01,19,11514,卖盘
556,10:19:36,6.07,0.01,10,6070,买盘
557,10:19:40,6.06,-0.01,1,606,卖盘
558,10:19:52,6.07,0.01,50,30350,买盘
559,10:19:54,6.06,-0.01,47,28486,卖盘
560,10:19:57,6.06,0.0,57,34542,卖盘
561,10:20:04,6.06,0.0,53,32121,卖盘
562,10:20:10,6.07,0.01,1,607,买盘
563,10:20:18,6.06,-0.01,531,321786,卖盘
564,10:20:30,6.06,0.0,105,63630,买盘
565,10:20:40,6.06,0.0,10,6060,卖盘
566,10:20:45,6.06,0.0,44,26667,卖盘
567,10:20:48,6.06,0.0,50,30300,卖盘
568,10:20:52,6.06,0.0,51,30906,买盘
569,10:20:57,6.06,0.0,29,17574,买盘
570,10:21:01,6.06,0.0,23,13938,买盘
571,10:21:04,6.05,-0.01,10,6050,卖盘
572,10:21:10,6.06,0.01,72,43632,买盘
573,10:21:12,6.06,0.0,2,1212,卖盘
574,10:21:16,6.06,0.0,18,10908,卖盘
575,10:21:24,6.06,0.0,3,1818,卖盘
576,10:21:27,6.06,0.0,7,4242,卖盘
577,10:21:30,6.06,0.0,14,8484,卖盘
578,10:21:33,6.06,0.0,11,6666,卖盘
579,10:21:39,6.05,-0.01,31,18767,卖盘
580,10:21:45,6.07,0.02,50,30350,买盘
581,10:21:52,6.06,-0.01,7,4242,卖盘
582,10:22:04,6.06,0.0,10,6060,卖盘
583,10:22:13,6.06,0.0,26,15756,卖盘
584,10:22:18,6.06,0.0,1,606,卖盘
585,10:22:22,6.05,-0.01,255,154385,卖盘
586,10:22:31,6.06,0.01,20,12120,卖盘
587,10:22:46,6.06,0.0,30,18180,卖盘
588,10:22:52,6.06,0.0,8,4848,买盘
589,10:23:00,6.06,0.0,20,12120,买盘
590,10:23:07,6.06,0.0,79,47874,买盘
591,10:23:10,6.06,0.0,70,42420,买盘
592,10:23:12,6.06,0.0,8,4848,买盘
593,10:23:25,6.06,0.0,20,12120,买盘
594,10:23:27,6.06,0.0,39,23634,买盘
595,10:23:31,6.06,0.0,15,9090,卖盘
596,10:23:40,6.06,0.0,1,606,卖盘
597,10:23:43,6.06,0.0,45,27270,卖盘
598,10:24:01,6.06,0.0,58,35166,卖盘
599,10:24:13,6.06,0.0,91,55146,卖盘
600,10:24:16,6.06,0.0,11,6666,卖盘
601,10:24:19,6.06,0.0,1,606,卖盘
602,10:24:40,6.06,0.0,100,60600,卖盘
603,10:24:52,6.06,0.0,2,1212,卖盘
604,10:25:00,6.06,0.0,16,9696,卖盘
605,10:25:04,6.06,0.0,10,6060,卖盘
606,10:25:28,6.06,0.0,19,11514,卖盘
607,10:25:31,6.06,0.0,40,24240,卖盘
608,10:25:33,6.06,0.0,3,1818,卖盘
609,10:25:36,6.06,0.0,18,10890,卖盘
610,10:25:42,6.06,0.0,3,1836,买盘
611,10:25:45,6.06,0.0,2,1212,卖盘
612,10:25:49,6.07,0.01,58,35206,买盘
613,10:25:51,6.06,-0.01,37,22404,卖盘
614,10:26:04,6.06,0.0,10,6060,买盘
615,10:26:19,6.06,0.0,100,60600,买盘
616,10:26:42,6.06,0.0,23,13938,买盘
617,10:26:46,6.06,0.0,18,10908,买盘
618,10:26:54,6.06,0.0,6,3618,买盘
619,10:27:01,6.06,0.0,4,2424,买盘
620,10:27:04,6.05,-0.01,100,60500,卖盘
621,10:27:06,6.06,0.01,26,15774,买盘
622,10:27:09,6.06,0.0,110,66660,卖盘
623,10:27:12,6.06,0.0,2,1212,卖盘
624,10:27:18,6.06,0.0,5,3030,卖盘
625,10:27:30,6.06,0.0,24,14526,卖盘
626,10:27:34,6.05,-0.01,17,10285,卖盘
627,10:27:36,6.07,0.02,10,6064,买盘
628,10:27:39,6.05,-0.02,10,6050,卖盘
629,10:27:49,6.05,0.0,100,60500,卖盘
630,10:27:52,6.06,0.01,3,1818,中性盘
631,10:27:54,6.06,0.0,15,9090,卖盘
632,10:28:00,6.07,0.01,5,3035,买盘
633,10:28:33,6.06,-0.01,105,63630,卖盘
634,10:28:45,6.06,0.0,30,18180,买盘
635,10:28:48,6.05,-0.01,7,4235,卖盘
636,10:28:51,6.06,0.01,106,64154,买盘
637,10:29:04,6.05,-0.01,70,42350,卖盘
638,10:29:24,6.05,0.0,52,31460,卖盘
639,10:29:28,6.05,0.0,200,121000,卖盘
640,10:29:30,6.06,0.01,1,606,买盘
641,10:29:43,6.06,0.0,182,110132,买盘
642,10:30:00,6.05,-0.01,50,30250,卖盘
643,10:30:10,6.06,0.01,234,141804,买盘
644,10:30:13,6.05,-0.01,8,4845,卖盘
645,10:30:19,6.05,0.0,2,1210,卖盘
646,10:30:22,6.06,0.01,22,13332,买盘
647,10:30:24,6.06,0.0,4,2424,买盘
648,10:30:31,6.06,0.0,2,1212,买盘
649,10:30:34,6.05,-0.01,37,22405,卖盘
650,10:30:49,6.06,0.01,57,34542,买盘
651,10:30:55,6.06,0.0,20,12120,买盘
652,10:30:57,6.06,0.0,7,4242,买盘
653,10:31:06,6.06,0.0,10,6060,买盘
654,10:31:10,6.06,0.0,12,7272,买盘
655,10:31:12,6.06,0.0,4,2424,买盘
656,10:31:21,6.06,0.0,15,9090,买盘
657,10:31:25,6.06,0.0,16,9696,买盘
658,10:31:27,6.06,0.0,96,58176,买盘
659,10:31:30,6.05,-0.01,15,9079,卖盘
660,10:31:34,6.06,0.01,22,13332,卖盘
661,10:31:43,6.05,-0.01,40,24224,卖盘
662,10:31:49,6.07,0.02,7,4249,买盘
663,10:31:58,6.05,-0.02,19,11495,卖盘
664,10:32:16,6.06,0.01,13,7878,买盘
665,10:32:27,6.06,0.0,13,7878,卖盘
666,10:32:30,6.05,-0.01,37,22392,卖盘
667,10:32:40,6.06,0.01,8,4848,买盘
668,10:32:55,6.06,0.0,22,13332,买盘
669,10:33:00,6.06,0.0,13,7878,买盘
670,10:33:15,6.06,0.0,49,29694,买盘
671,10:33:24,6.05,-0.01,40,24231,卖盘
672,10:33:40,6.06,0.01,39,23634,卖盘
673,10:33:58,6.06,0.0,235,142275,买盘
674,10:34:00,6.06,0.0,7,4242,买盘
675,10:34:10,6.06,0.0,11,6663,买盘
676,10:34:15,6.05,-0.01,96,58080,卖盘
677,10:34:18,6.06,0.01,20,12120,买盘
678,10:34:31,6.06,0.0,317,192102,买盘
679,10:35:01,6.05,-0.01,56,33880,卖盘
680,10:35:10,6.05,0.0,50,30250,卖盘
681,10:35:18,6.05,0.0,51,30855,卖盘
682,10:35:31,6.03,-0.02,1249,754176,卖盘
683,10:36:01,6.03,0.0,1,603,卖盘
684,10:36:16,6.04,0.01,271,163686,卖盘
685,10:36:19,6.04,0.0,16,9664,卖盘
686,10:36:31,6.04,0.0,66,39864,卖盘
687,10:36:43,6.04,0.0,1,604,买盘
688,10:36:49,6.03,-0.01,100,60300,卖盘
689,10:36:52,6.04,0.01,26,15704,买盘
690,10:37:04,6.03,-0.01,3,1809,卖盘
691,10:37:06,6.04,0.01,50,30200,买盘
692,10:37:13,6.04,0.0,90,54360,买盘
693,10:37:16,6.04,0.0,14,8456,卖盘
694,10:37:37,6.04,0.0,20,12080,卖盘
695,10:37:43,6.04,0.0,6,3624,卖盘
696,10:37:52,6.04,0.0,66,39864,卖盘
697,10:37:55,6.04,0.0,3,1812,卖盘
698,10:38:06,6.04,0.0,6,3624,卖盘
699,10:38:16,6.04,0.0,1,604,卖盘
700,10:38:19,6.04,0.0,3,1812,卖盘
701,10:38:27,6.04,0.0,53,32012,卖盘
702,10:38:33,6.05,0.01,7,4235,买盘
703,10:39:01,6.04,-0.01,2,1208,卖盘
704,10:39:09,6.04,0.0,7,4228,卖盘
705,10:39:22,6.04,0.0,1,604,卖盘
706,10:39:42,6.04,0.0,1,604,卖盘
707,10:39:48,6.04,0.0,14,8456,卖盘
708,10:39:51,6.04,0.0,42,25370,卖盘
709,10:39:54,6.05,0.01,120,72600,买盘
710,10:40:30,6.05,0.0,69,41745,买盘
711,10:40:39,6.05,0.0,18,10890,买盘
712,10:40:45,6.04,-0.01,1,604,卖盘
713,10:41:15,6.04,0.0,40,24160,卖盘
714,10:41:24,6.05,0.01,20,12100,买盘
715,10:41:27,6.05,0.0,31,18755,买盘
716,10:41:30,6.04,-0.01,100,60400,卖盘
717,10:41:36,6.05,0.01,33,19965,买盘
718,10:41:45,6.04,-0.01,609,367836,卖盘
719,10:41:57,6.04,0.0,20,12080,卖盘
720,10:42:01,6.04,0.0,75,45300,卖盘
721,10:42:04,6.04,0.0,1,604,卖盘
722,10:42:07,6.04,0.0,5,3020,卖盘
723,10:42:12,6.04,0.0,5,3020,卖盘
724,10:42:16,6.04,0.0,20,12080,卖盘
725,10:42:18,6.03,-0.01,443,267129,卖盘
726,10:42:21,6.04,0.01,1,604,买盘
727,10:42:30,6.03,-0.01,13,7839,卖盘
728,10:42:33,6.04,0.01,20,12080,买盘
729,10:42:42,6.04,0.0,34,20536,买盘
730,10:42:46,6.04,0.0,16,9664,买盘
731,10:43:00,6.04,0.0,11,6644,买盘
732,10:43:10,6.03,-0.01,76,45828,卖盘
733,10:43:30,6.04,0.01,143,86272,买盘
734,10:43:42,6.04,0.0,18,10872,卖盘
735,10:43:48,6.04,0.0,10,6040,买盘
736,10:43:54,6.04,0.0,20,12080,买盘
737,10:44:06,6.04,0.0,3,1812,买盘
738,10:44:24,6.04,0.0,7,4228,买盘
739,10:44:33,6.04,0.0,52,31408,买盘
740,10:44:48,6.04,0.0,113,68252,卖盘
741,10:45:01,6.04,0.0,61,36844,卖盘
742,10:45:12,6.03,-0.01,1,603,卖盘
743,10:45:40,6.03,0.0,61,36783,卖盘
744,10:45:46,6.04,0.01,30,18120,买盘
745,10:46:27,6.03,-0.01,122,73663,卖盘
746,10:46:31,6.04,0.01,3,1812,买盘
747,10:46:40,6.04,0.0,19,11476,卖盘
748,10:46:57,6.03,-0.01,151,91053,卖盘
749,10:47:09,6.03,0.0,24,14472,卖盘
750,10:47:45,6.04,0.01,50,30200,卖盘
751,10:47:51,6.05,0.01,8,4840,买盘
752,10:48:06,6.05,0.0,111,67155,买盘
753,10:48:15,6.05,0.0,100,60500,买盘
754,10:48:24,6.05,0.0,21,12705,买盘
755,10:48:27,6.05,0.0,5,3025,买盘
756,10:48:36,6.05,0.0,54,32618,买盘
757,10:48:42,6.05,0.0,109,65945,买盘
758,10:48:51,6.05,0.0,10,6050,买盘
759,10:48:55,6.04,-0.01,10,6040,卖盘
760,10:48:57,6.04,0.0,10,6040,卖盘
761,10:49:00,6.05,0.01,17,10285,买盘
762,10:49:13,6.05,0.0,32,19360,买盘
763,10:49:31,6.05,0.0,20,12100,买盘
764,10:50:09,6.04,-0.01,17,10269,卖盘
765,10:50:27,6.05,0.01,1,605,买盘
766,10:50:36,6.05,0.0,7,4235,买盘
767,10:51:12,6.04,-0.01,53,32012,卖盘
768,10:51:18,6.04,0.0,11,6654,卖盘
769,10:51:21,6.05,0.01,10,6050,买盘
770,10:51:48,6.05,0.0,100,60500,买盘
771,10:52:00,6.05,0.0,20,12100,买盘
772,10:52:27,6.05,0.0,2,1210,买盘
773,10:52:33,6.04,-0.01,251,151604,卖盘
774,10:52:42,6.04,0.0,53,32012,卖盘
775,10:52:55,6.04,0.0,10,6040,卖盘
776,10:52:57,6.04,0.0,3,1812,卖盘
777,10:53:09,6.05,0.01,1,605,买盘
778,10:53:12,6.04,-0.01,2,1208,卖盘
779,10:53:18,6.05,0.01,39,23595,买盘
780,10:53:30,6.05,0.0,14,8470,买盘
781,10:53:40,6.05,0.0,29,17545,买盘
782,10:53:55,6.05,0.0,10,6050,卖盘
783,10:54:01,6.05,0.0,6,3630,买盘
784,10:54:04,6.05,0.0,6,3629,买盘
785,10:54:12,6.05,0.0,27,16335,买盘
786,10:54:39,6.06,0.01,14,8484,买盘
787,10:54:48,6.06,0.0,33,19998,买盘
788,10:55:04,6.06,0.0,3,1818,买盘
789,10:55:06,6.06,0.0,30,18180,买盘
790,10:55:25,6.06,0.0,101,61206,卖盘
791,10:55:39,6.07,0.01,537,325762,买盘
792,10:55:42,6.07,0.0,2,1214,卖盘
793,10:55:45,6.07,0.0,1,607,卖盘
794,10:55:48,6.07,0.0,1,607,卖盘
795,10:55:51,6.07,0.0,51,30957,卖盘
796,10:55:54,6.07,0.0,4,2428,卖盘
797,10:55:57,6.07,0.0,1,607,卖盘
798,10:56:00,6.07,0.0,4,2428,卖盘
799,10:56:04,6.07,0.0,81,49149,卖盘
800,10:56:09,6.06,-0.01,1,606,卖盘
801,10:56:27,6.06,0.0,1,606,卖盘
802,10:56:36,6.06,0.0,6,3636,卖盘
803,10:56:54,6.06,0.0,65,39390,卖盘
804,10:57:24,6.05,-0.01,4,2420,卖盘
805,10:57:27,6.05,0.0,15,9075,卖盘
806,10:57:33,6.05,0.0,3,1815,卖盘
807,10:57:48,6.05,0.0,2,1210,卖盘
808,10:57:54,6.05,0.0,121,73205,卖盘
809,10:58:00,6.04,-0.01,87,52577,卖盘
810,10:58:24,6.04,0.0,55,33220,卖盘
811,10:59:04,6.05,0.01,14,8470,买盘
812,10:59:21,6.05,0.0,4,2420,卖盘
813,10:59:36,6.05,0.0,19,11495,买盘
814,10:59:39,6.04,-0.01,52,31408,卖盘
815,10:59:45,6.05,0.01,15,9075,买盘
816,11:00:06,6.05,0.0,19,11495,买盘
817,11:00:13,6.05,0.0,25,15125,买盘
818,11:00:15,6.04,-0.01,5,3020,卖盘
819,11:00:21,6.05,0.01,5,3025,买盘
820,11:00:24,6.05,0.0,2,1210,买盘
821,11:00:27,6.05,0.0,57,34485,买盘
822,11:00:30,6.06,0.01,13,7878,买盘
823,11:00:39,6.05,-0.01,1,605,卖盘
824,11:00:52,6.06,0.01,3,1818,买盘
825,11:00:54,6.05,-0.01,91,55055,卖盘
826,11:01:00,6.06,0.01,2,1212,买盘
827,11:01:03,6.05,-0.01,66,39930,卖盘
828,11:01:30,6.05,0.0,4,2420,买盘
829,11:01:34,6.05,0.0,33,19965,买盘
830,11:01:36,6.05,0.0,2,1210,买盘
831,11:01:39,6.05,0.0,17,10539,买盘
832,11:01:45,6.05,0.0,3,1561,卖盘
833,11:01:52,6.05,0.0,20,12100,买盘
834,11:01:54,6.04,-0.01,39,23560,卖盘
835,11:02:06,6.04,0.0,73,44092,卖盘
836,11:02:18,6.05,0.01,46,28084,买盘
837,11:02:39,6.05,0.0,8,4840,卖盘
838,11:02:45,6.05,0.0,30,18150,卖盘
839,11:02:48,6.05,0.0,18,10636,卖盘
840,11:02:51,6.05,0.0,5,3025,买盘
841,11:02:57,6.05,0.0,27,16589,买盘
842,11:03:27,6.05,0.0,1,605,卖盘
843,11:03:30,6.05,0.0,14,8470,卖盘
844,11:04:27,6.06,0.01,87,52722,买盘
845,11:04:39,6.06,0.0,3,1818,买盘
846,11:05:34,6.05,-0.01,2,1210,卖盘
847,11:05:48,6.06,0.01,20,12120,买盘
848,11:06:00,6.05,-0.01,4,2420,卖盘
849,11:06:30,6.05,0.0,4,2420,卖盘
850,11:06:37,6.05,0.0,20,12100,卖盘
851,11:06:51,6.05,0.0,1,605,卖盘
852,11:07:15,6.05,0.0,8,4840,卖盘
853,11:07:27,6.05,0.0,100,60500,卖盘
854,11:07:33,6.05,0.0,59,35695,卖盘
855,11:07:39,6.05,0.0,1,605,卖盘
856,11:07:54,6.05,0.0,40,24200,卖盘
857,11:08:09,6.06,0.01,14,8480,买盘
858,11:08:21,6.06,0.0,80,48480,买盘
859,11:08:33,6.05,-0.01,19,11495,卖盘
860,11:08:57,6.06,0.01,80,48480,买盘
861,11:09:43,6.05,-0.01,205,124025,卖盘
862,11:09:51,6.05,0.0,33,19965,卖盘
863,11:10:00,6.05,0.0,7,4235,卖盘
864,11:10:04,6.06,0.01,20,12120,买盘
865,11:10:12,6.06,0.0,4,2424,买盘
866,11:10:40,6.06,0.0,1,606,买盘
867,11:11:09,6.06,0.0,16,9696,买盘
868,11:11:12,6.06,0.0,67,40602,买盘
869,11:11:30,6.05,-0.01,109,66033,卖盘
870,11:11:36,6.05,0.0,3,1815,卖盘
871,11:12:00,6.05,0.0,6,3630,卖盘
872,11:12:18,6.05,0.0,20,12100,卖盘
873,11:12:45,6.05,0.0,1,605,卖盘
874,11:13:06,6.05,0.0,7,4235,卖盘
875,11:14:18,6.06,0.01,50,30300,买盘
876,11:14:30,6.05,-0.01,36,21780,卖盘
877,11:14:39,6.05,0.0,35,21175,卖盘
878,11:14:48,6.05,0.0,10,6050,卖盘
879,11:15:00,6.05,0.0,50,30250,卖盘
880,11:15:18,6.05,0.0,65,39325,卖盘
881,11:15:25,6.05,0.0,33,19969,卖盘
882,11:15:28,6.06,0.01,16,9696,买盘
883,11:16:00,6.06,0.0,4,2424,买盘
884,11:16:39,6.06,0.0,2,1212,买盘
885,11:17:01,6.06,0.0,5,3030,买盘
886,11:17:15,6.05,-0.01,10,6050,卖盘
887,11:17:27,6.05,0.0,194,117116,卖盘
888,11:17:30,6.05,0.0,24,14520,买盘
889,11:17:42,6.04,-0.01,2,1208,卖盘
890,11:17:54,6.04,0.0,17,10268,卖盘
891,11:18:04,6.04,0.0,16,9664,卖盘
892,11:18:09,6.04,0.0,16,9664,卖盘
893,11:18:18,6.04,0.0,2,1208,卖盘
894,11:18:22,6.04,0.0,1,604,卖盘
895,11:18:30,6.05,0.01,2,1210,买盘
896,11:18:36,6.05,0.0,50,30250,买盘
897,11:18:39,6.05,0.0,14,8470,买盘
898,11:19:21,6.04,-0.01,178,107512,卖盘
899,11:19:39,6.04,0.0,4,2416,卖盘
900,11:19:57,6.05,0.01,10,6050,买盘
901,11:20:06,6.04,-0.01,1,604,卖盘
902,11:20:57,6.04,0.0,31,18724,卖盘
903,11:21:04,6.04,0.0,56,33824,卖盘
904,11:21:27,6.04,0.0,1,604,卖盘
905,11:22:18,6.04,0.0,1,604,卖盘
906,11:22:27,6.04,0.0,10,6040,卖盘
907,11:22:33,6.04,0.0,170,102680,卖盘
908,11:22:54,6.04,0.0,20,12080,卖盘
909,11:23:12,6.05,0.01,10,6050,买盘
910,11:23:19,6.04,-0.01,5,3020,卖盘
911,11:23:21,6.04,0.0,160,96640,卖盘
912,11:23:46,6.04,0.0,6,3624,卖盘
913,11:24:24,6.04,0.0,6,3624,卖盘
914,11:24:36,6.05,0.01,34,20570,买盘
915,11:24:48,6.04,-0.01,10,6040,卖盘
916,11:24:51,6.04,0.0,30,18120,卖盘
917,11:25:18,6.05,0.01,37,22385,买盘
918,11:25:43,6.05,0.0,2,1210,买盘
919,11:25:57,6.05,0.0,5,3025,买盘
920,11:26:04,6.04,-0.01,2,1208,卖盘
921,11:27:09,6.04,0.0,1,604,卖盘
922,11:27:21,6.05,0.01,1,605,买盘
923,11:27:24,6.04,-0.01,44,26576,卖盘
924,11:27:48,6.04,0.0,30,18120,卖盘
925,11:28:09,6.04,0.0,184,111136,卖盘
926,11:28:54,6.04,0.0,100,60400,卖盘
927,11:29:39,6.04,0.0,3,1812,卖盘
928,11:29:45,6.05,0.01,10,6050,买盘
929,11:29:51,6.05,0.0,10,6050,买盘
930,11:29:57,6.05,0.0,1,605,买盘
931,13:00:04,6.05,0.0,243,146869,买盘
932,13:00:42,6.05,0.0,10,6050,买盘
933,13:01:00,6.05,0.0,55,33275,买盘
934,13:01:21,6.04,-0.01,61,37086,卖盘
935,13:01:42,6.05,0.01,10,6050,买盘
936,13:01:51,6.04,-0.01,7,4228,卖盘
937,13:02:15,6.04,0.0,100,60400,卖盘
938,13:02:39,6.04,0.0,212,127806,卖盘
939,13:02:51,6.04,0.0,4,2416,买盘
940,13:03:18,6.03,-0.01,20,12060,卖盘
941,13:03:21,6.04,0.01,2,1208,买盘
942,13:03:30,6.04,0.0,4,2416,买盘
943,13:03:42,6.03,-0.01,48,28944,卖盘
944,13:03:45,6.04,0.01,6,3624,买盘
945,13:04:36,6.04,0.0,30,18120,买盘
946,13:04:39,6.04,0.0,20,12080,买盘
947,13:05:12,6.04,0.0,3,1812,买盘
948,13:05:15,6.03,-0.01,66,39798,卖盘
949,13:05:27,6.04,0.01,7,4228,买盘
950,13:05:36,6.03,-0.01,8,4824,卖盘
951,13:05:39,6.03,0.0,159,95877,卖盘
952,13:05:51,6.04,0.01,50,30200,买盘
953,13:05:57,6.04,0.0,8,4832,买盘
954,13:06:10,6.04,0.0,10,6040,买盘
955,13:06:12,6.03,-0.01,2,1206,卖盘
956,13:06:15,6.03,0.0,12,7236,卖盘
957,13:06:24,6.04,0.01,73,44092,买盘
958,13:06:30,6.04,0.0,4,2416,买盘
959,13:06:54,6.04,0.0,8,4832,买盘
960,13:06:57,6.04,0.0,9,5436,买盘
961,13:07:04,6.04,0.0,20,12080,买盘
962,13:07:18,6.04,0.0,6,3624,买盘
963,13:07:27,6.04,0.0,5,3020,买盘
964,13:07:48,6.04,0.0,2,1208,买盘
965,13:07:54,6.04,0.0,37,22347,卖盘
966,13:08:06,6.04,0.0,88,53152,买盘
967,13:08:09,6.03,-0.01,230,138720,卖盘
968,13:08:30,6.04,0.01,7,4228,买盘
969,13:08:36,6.04,0.0,69,41676,买盘
970,13:08:39,6.03,-0.01,347,209241,卖盘
971,13:08:42,6.04,0.01,28,16890,买盘
972,13:08:49,6.03,-0.01,20,12060,卖盘
973,13:09:24,6.03,0.0,9,5427,卖盘
974,13:09:30,6.04,0.01,5,3020,买盘
975,13:09:33,6.04,0.0,13,7852,买盘
976,13:09:48,6.04,0.0,50,30200,买盘
977,13:09:54,6.04,0.0,41,24764,买盘
978,13:10:13,6.04,0.0,15,9060,买盘
979,13:10:19,6.04,0.0,5,3020,买盘
980,13:10:33,6.04,0.0,4,2416,卖盘
981,13:10:39,6.04,0.0,2,1208,卖盘
982,13:11:18,6.05,0.01,1,605,买盘
983,13:11:24,6.04,-0.01,18,10872,卖盘
984,13:11:36,6.04,0.0,201,121404,卖盘
985,13:12:07,6.04,0.0,50,30200,卖盘
986,13:13:15,6.05,0.01,3,1815,买盘
987,13:13:24,6.05,0.0,13,7865,买盘
988,13:13:36,6.05,0.0,10,6050,买盘
989,13:13:57,6.05,0.0,30,18150,买盘
990,13:14:03,6.05,0.0,80,48400,买盘
991,13:14:10,6.05,0.0,5,3025,买盘
992,13:14:49,6.05,0.0,5,3025,买盘
993,13:14:54,6.05,0.0,5,3025,买盘
994,13:14:57,6.05,0.0,165,99825,买盘
995,13:15:00,6.05,0.0,56,33880,买盘
996,13:15:06,6.05,0.0,6,3630,买盘
997,13:15:15,6.05,0.0,2,1210,买盘
998,13:15:18,6.05,0.0,30,18150,买盘
999,13:15:24,6.05,0.0,20,12100,买盘
1000,13:15:27,6.05,0.0,4,2420,买盘
1001,13:15:30,6.05,0.0,141,85469,买盘
1002,13:15:36,6.05,0.0,10,6050,卖盘
1003,13:15:48,6.05,0.0,50,30250,卖盘
1004,13:16:03,6.06,0.01,2,1212,买盘
1005,13:17:04,6.06,0.0,34,20604,买盘
1006,13:17:30,6.06,0.0,150,90900,买盘
1007,13:17:39,6.06,0.0,5,3030,买盘
1008,13:18:09,6.06,0.0,7,4242,买盘
1009,13:18:13,6.05,-0.01,105,63525,卖盘
1010,13:18:36,6.05,0.0,4,2420,卖盘
1011,13:18:42,6.05,0.0,2,1210,卖盘
1012,13:18:54,6.05,0.0,22,13330,卖盘
1013,13:19:06,6.05,0.0,1,605,卖盘
1014,13:19:18,6.05,0.0,80,48400,卖盘
1015,13:19:21,6.05,0.0,3,1815,卖盘
1016,13:19:24,6.05,0.0,8,4840,买盘
1017,13:19:30,6.05,0.0,129,78045,买盘
1018,13:19:45,6.05,0.0,50,30250,卖盘
1019,13:19:48,6.05,0.0,5,3025,卖盘
1020,13:19:57,6.05,0.0,30,18150,卖盘
1021,13:20:00,6.05,0.0,34,20570,卖盘
1022,13:20:04,6.05,0.0,28,16940,卖盘
1023,13:20:36,6.05,0.0,20,12100,买盘
1024,13:20:46,6.04,-0.01,14,8456,卖盘
1025,13:21:00,6.05,0.01,13,7865,买盘
1026,13:21:13,6.05,0.0,10,6050,卖盘
1027,13:21:39,6.05,0.0,2,1210,卖盘
1028,13:21:42,6.06,0.01,21,12726,买盘
1029,13:21:48,6.06,0.0,11,6665,买盘
1030,13:22:18,6.06,0.0,66,39996,买盘
1031,13:22:42,6.06,0.0,16,9696,买盘
1032,13:22:57,6.05,-0.01,51,30855,卖盘
1033,13:23:09,6.05,0.0,4,2420,卖盘
1034,13:23:39,6.05,0.0,2,1210,卖盘
1035,13:23:51,6.05,0.0,26,15730,卖盘
1036,13:24:09,6.05,0.0,10,6052,卖盘
1037,13:24:30,6.05,0.0,4,2420,卖盘
1038,13:24:45,6.05,0.0,7,4235,卖盘
1039,13:25:06,6.05,0.0,10,6050,买盘
1040,13:26:33,6.05,0.0,96,58322,买盘
1041,13:27:03,6.05,0.0,47,28435,卖盘
1042,13:27:16,6.05,0.0,10,6050,卖盘
1043,13:27:39,6.05,0.0,279,168553,卖盘
1044,13:27:45,6.05,0.0,10,6050,买盘
1045,13:27:51,6.05,0.0,10,6050,买盘
1046,13:28:09,6.04,-0.01,35,21140,卖盘
1047,13:28:18,6.05,0.01,20,12100,买盘
1048,13:28:21,6.04,-0.01,191,115364,卖盘
1049,13:28:33,6.04,0.0,4,2416,卖盘
1050,13:28:36,6.05,0.01,26,15972,买盘
1051,13:28:39,6.05,0.0,4,2178,卖盘
1052,13:28:48,6.05,0.0,18,10890,买盘
1053,13:28:51,6.04,-0.01,27,16308,卖盘
1054,13:29:04,6.04,0.0,5,3020,卖盘
1055,13:29:09,6.04,0.0,15,9060,卖盘
1056,13:29:33,6.05,0.01,18,10890,买盘
1057,13:30:12,6.05,0.0,1,605,买盘
1058,13:30:30,6.05,0.0,20,12100,买盘
1059,13:30:48,6.04,-0.01,1,604,卖盘
1060,13:30:54,6.04,0.0,32,19328,卖盘
1061,13:30:57,6.05,0.01,15,9075,买盘
1062,13:31:10,6.05,0.0,6,3630,买盘
1063,13:31:15,6.05,0.0,15,9075,买盘
1064,13:31:18,6.05,0.0,6,3630,买盘
1065,13:31:21,6.05,0.0,50,30250,买盘
1066,13:31:31,6.05,0.0,50,30250,买盘
1067,13:32:04,6.04,-0.01,299,180596,卖盘
1068,13:33:09,6.05,0.01,7,4235,买盘
1069,13:33:21,6.05,0.0,485,293667,买盘
1070,13:33:30,6.05,0.0,18,10890,卖盘
1071,13:33:45,6.05,0.0,39,23353,卖盘
1072,13:33:48,6.05,0.0,11,6897,买盘
1073,13:33:57,6.05,0.0,1,605,卖盘
1074,13:34:00,6.05,0.0,35,21175,卖盘
1075,13:34:16,6.05,0.0,2,1210,卖盘
1076,13:34:30,6.04,-0.01,185,111793,卖盘
1077,13:35:09,6.04,0.0,50,30200,卖盘
1078,13:35:30,6.04,0.0,3,1812,卖盘
1079,13:35:33,6.04,0.0,20,12080,卖盘
1080,13:35:48,6.04,0.0,10,6040,卖盘
1081,13:36:09,6.04,0.0,100,60400,卖盘
1082,13:36:30,6.04,0.0,58,35040,卖盘
1083,13:36:33,6.04,0.0,51,30804,卖盘
1084,13:36:36,6.04,0.0,100,60400,卖盘
1085,13:36:42,6.04,0.0,10,6040,卖盘
1086,13:36:57,6.04,0.0,18,10872,卖盘
1087,13:37:19,6.04,0.0,5,3020,卖盘
1088,13:37:21,6.04,0.0,25,14858,卖盘
1089,13:37:36,6.04,0.0,2,1208,买盘
1090,13:37:39,6.04,0.0,14,8456,买盘
1091,13:37:42,6.04,0.0,15,9060,买盘
1092,13:38:06,6.03,-0.01,1,603,卖盘
1093,13:38:21,6.03,0.0,21,12663,卖盘
1094,13:38:30,6.03,0.0,270,162810,卖盘
1095,13:38:57,6.04,0.01,110,66440,买盘
1096,13:39:03,6.04,0.0,50,30200,买盘
1097,13:39:06,6.04,0.0,8,4832,买盘
1098,13:39:15,6.04,0.0,4,2416,买盘
1099,13:39:24,6.04,0.0,3,1812,买盘
1100,13:39:30,6.03,-0.01,47,28341,卖盘
1101,13:39:48,6.03,0.0,31,18693,卖盘
1102,13:39:54,6.04,0.01,18,11114,买盘
1103,13:40:04,6.04,0.0,52,31408,卖盘
1104,13:40:06,6.04,0.0,20,11838,卖盘
1105,13:40:36,6.03,-0.01,220,132901,卖盘
1106,13:40:42,6.04,0.01,41,24764,买盘
1107,13:40:51,6.03,-0.01,10,6030,卖盘
1108,13:40:54,6.03,0.0,15,9048,卖盘
1109,13:41:04,6.04,0.01,5,3020,买盘
1110,13:41:45,6.04,0.0,422,254888,买盘
1111,13:42:01,6.04,0.0,14,8456,买盘
1112,13:42:12,6.03,-0.01,20,12060,卖盘
1113,13:42:21,6.03,0.0,53,32009,卖盘
1114,13:42:28,6.04,0.01,10,6040,买盘
1115,13:42:40,6.03,-0.01,453,273159,卖盘
1116,13:42:43,6.04,0.01,13,7852,买盘
1117,13:43:01,6.04,0.0,17,10268,买盘
1118,13:43:18,6.05,0.01,5,3025,买盘
1119,13:43:39,6.04,-0.01,11,6644,卖盘
1120,13:44:07,6.04,0.0,28,16931,卖盘
1121,13:44:18,6.04,0.0,65,39260,卖盘
1122,13:44:52,6.04,0.0,176,106304,卖盘
1123,13:45:01,6.04,0.0,108,65232,买盘
1124,13:45:04,6.04,0.0,8,4832,买盘
1125,13:45:10,6.03,-0.01,2,1206,卖盘
1126,13:45:45,6.03,0.0,25,15075,卖盘
1127,13:46:09,6.03,0.0,44,26532,卖盘
1128,13:46:18,6.03,0.0,48,28944,卖盘
1129,13:46:36,6.03,0.0,1,603,卖盘
1130,13:46:42,6.03,0.0,20,12060,卖盘
1131,13:47:01,6.03,0.0,48,28944,卖盘
1132,13:47:18,6.03,0.0,85,51255,卖盘
1133,13:47:58,6.04,0.01,4,2416,买盘
1134,13:48:04,6.03,-0.01,50,30150,卖盘
1135,13:48:24,6.03,0.0,19,11457,卖盘
1136,13:48:27,6.03,0.0,32,19296,卖盘
1137,13:48:36,6.03,0.0,1,603,卖盘
1138,13:48:42,6.03,0.0,30,18090,卖盘
1139,13:48:45,6.04,0.01,15,9050,买盘
1140,13:49:00,6.04,0.0,9,5431,买盘
1141,13:49:25,6.04,0.0,14,8456,买盘
1142,13:49:30,6.03,-0.01,20,12060,卖盘
1143,13:49:45,6.03,0.0,300,180659,卖盘
1144,13:49:54,6.03,0.0,18,10854,买盘
1145,13:49:57,6.03,0.0,22,13266,买盘
1146,13:50:18,6.03,0.0,45,27135,买盘
1147,13:50:27,6.03,0.0,50,30150,买盘
1148,13:50:54,6.02,-0.01,30,18060,卖盘
1149,13:51:00,6.02,0.0,28,16856,卖盘
1150,13:51:06,6.02,0.0,29,17458,卖盘
1151,13:51:12,6.02,0.0,11,6622,卖盘
1152,13:51:18,6.02,0.0,57,34314,卖盘
1153,13:51:27,6.02,0.0,16,9632,卖盘
1154,13:51:34,6.02,0.0,292,175784,卖盘
1155,13:51:36,6.02,0.0,2,1204,卖盘
1156,13:51:43,6.02,0.0,15,9030,卖盘
1157,13:51:48,6.02,0.0,283,170366,卖盘
1158,13:52:03,6.02,0.0,56,33712,卖盘
1159,13:52:06,6.02,0.0,25,15050,卖盘
1160,13:52:12,6.02,0.0,44,26488,卖盘
1161,13:52:15,6.02,0.0,5,3010,卖盘
1162,13:52:24,6.03,0.01,12,7236,买盘
1163,13:52:42,6.03,0.0,14,8442,买盘
1164,13:52:48,6.02,-0.01,1,602,卖盘
1165,13:53:12,6.03,0.01,4,2412,买盘
1166,13:53:22,6.03,0.0,46,27738,买盘
1167,13:53:30,6.03,0.0,6,3618,买盘
1168,13:53:33,6.03,0.0,10,6030,买盘
1169,13:53:36,6.03,0.0,8,4824,买盘
1170,13:53:42,6.03,0.0,145,87435,买盘
1171,13:53:45,6.03,0.0,26,15678,买盘
1172,13:53:52,6.03,0.0,46,27738,买盘
1173,13:53:55,6.03,0.0,30,18090,买盘
1174,13:54:01,6.03,0.0,10,6030,买盘
1175,13:54:04,6.03,0.0,75,45466,买盘
1176,13:54:18,6.03,0.0,1,603,卖盘
1177,13:54:24,6.04,0.01,7,4228,买盘
1178,13:54:39,6.03,-0.01,21,12663,卖盘
1179,13:54:45,6.03,0.0,11,6633,卖盘
1180,13:55:12,6.03,0.0,34,20502,卖盘
1181,13:55:18,6.03,0.0,16,9648,卖盘
1182,13:55:21,6.04,0.01,18,10872,买盘
1183,13:55:27,6.04,0.0,15,9060,买盘
1184,13:55:31,6.03,-0.01,1,603,卖盘
1185,13:56:12,6.04,0.01,5,3020,买盘
1186,13:56:18,6.03,-0.01,1,603,卖盘
1187,13:56:25,6.03,0.0,27,16281,卖盘
1188,13:56:33,6.03,0.0,34,20502,卖盘
1189,13:56:37,6.04,0.01,5,3020,买盘
1190,13:57:06,6.03,-0.01,7,4221,卖盘
1191,13:57:24,6.04,0.01,3,1812,买盘
1192,13:57:49,6.03,-0.01,73,44019,卖盘
1193,13:57:54,6.03,0.0,5,3015,卖盘
1194,13:58:06,6.03,0.0,10,6030,卖盘
1195,13:58:27,6.03,0.0,39,23276,卖盘
1196,13:58:42,6.03,0.0,2,1206,买盘
1197,13:58:45,6.03,0.0,20,12060,买盘
1198,13:58:54,6.03,0.0,3,1809,买盘
1199,13:59:10,6.02,-0.01,2,1204,卖盘
1200,13:59:18,6.02,0.0,19,11438,卖盘
1201,13:59:30,6.02,0.0,5,3010,卖盘
1202,13:59:36,6.03,0.01,36,21708,买盘
1203,13:59:39,6.02,-0.01,1,602,卖盘
1204,13:59:48,6.03,0.01,1,603,买盘
1205,13:59:54,6.03,0.0,5,3015,买盘
1206,14:00:04,6.02,-0.01,36,21672,卖盘
1207,14:00:24,6.02,0.0,13,7826,卖盘
1208,14:00:30,6.03,0.01,5,3015,买盘
1209,14:01:00,6.03,0.0,52,31306,买盘
1210,14:01:09,6.02,-0.01,200,120400,卖盘
1211,14:01:30,6.02,0.0,300,180600,卖盘
1212,14:01:39,6.02,0.0,65,39130,卖盘
1213,14:01:54,6.02,0.0,1,602,卖盘
1214,14:02:06,6.02,0.0,210,126420,卖盘
1215,14:02:12,6.02,0.0,1,602,卖盘
1216,14:02:16,6.03,0.01,5,3015,买盘
1217,14:02:24,6.02,-0.01,100,60200,卖盘
1218,14:02:27,6.03,0.01,40,24120,买盘
1219,14:02:33,6.02,-0.01,9,5418,卖盘
1220,14:02:48,6.03,0.01,1,603,买盘
1221,14:02:58,6.03,0.0,26,15678,买盘
1222,14:03:21,6.03,0.0,20,12060,买盘
1223,14:03:27,6.03,0.0,14,8438,买盘
1224,14:03:30,6.03,0.0,23,13869,买盘
1225,14:03:48,6.02,-0.01,1,602,卖盘
1226,14:03:54,6.03,0.01,7,4221,买盘
1227,14:04:00,6.02,-0.01,5,3010,卖盘
1228,14:04:06,6.03,0.01,116,69948,买盘
1229,14:04:15,6.02,-0.01,3,1806,卖盘
1230,14:04:21,6.03,0.01,20,12060,买盘
1231,14:04:54,6.03,0.0,50,30150,买盘
1232,14:05:15,6.02,-0.01,220,132460,卖盘
1233,14:05:24,6.03,0.01,6,3618,买盘
1234,14:05:34,6.02,-0.01,10,6020,卖盘
1235,14:06:00,6.03,0.01,183,110349,买盘
1236,14:06:04,6.03,0.0,3,1809,买盘
1237,14:06:06,6.03,0.0,10,6030,买盘
1238,14:06:09,6.03,0.0,10,6030,买盘
1239,14:06:15,6.03,0.0,10,6030,买盘
1240,14:06:18,6.03,0.0,2,1447,买盘
1241,14:06:21,6.03,0.0,2,1206,卖盘
1242,14:06:39,6.03,0.0,37,22070,卖盘
1243,14:06:48,6.03,0.0,73,44260,买盘
1244,14:06:54,6.02,-0.01,259,155712,卖盘
1245,14:07:15,6.02,0.0,187,112574,卖盘
1246,14:07:27,6.03,0.01,128,77184,买盘
1247,14:07:36,6.02,-0.01,13,7826,卖盘
1248,14:07:42,6.02,0.0,4,2408,卖盘
1249,14:07:45,6.02,0.0,100,60200,卖盘
1250,14:07:54,6.02,0.0,20,12040,卖盘
1251,14:07:57,6.03,0.01,1,603,买盘
1252,14:08:22,6.02,-0.01,70,42140,卖盘
1253,14:08:27,6.02,0.0,210,126420,卖盘
1254,14:08:42,6.03,0.01,120,72360,买盘
1255,14:09:06,6.02,-0.01,10,6020,卖盘
1256,14:09:09,6.02,0.0,20,12040,卖盘
1257,14:09:15,6.02,0.0,20,12040,卖盘
1258,14:09:18,6.03,0.01,20,12060,买盘
1259,14:09:51,6.02,-0.01,70,42140,卖盘
1260,14:10:04,6.02,0.0,175,105351,卖盘
1261,14:10:07,6.03,0.01,3,1809,买盘
1262,14:10:10,6.03,0.0,3,1809,买盘
1263,14:10:12,6.02,-0.01,11,6622,卖盘
1264,14:10:15,6.03,0.01,3,1809,买盘
1265,14:10:18,6.03,0.0,107,64416,买盘
1266,14:10:46,6.03,0.0,21,12663,买盘
1267,14:11:06,6.03,0.0,68,41004,买盘
1268,14:11:15,6.02,-0.01,15,9030,卖盘
1269,14:11:19,6.03,0.01,5,3015,买盘
1270,14:11:22,6.03,0.0,4,2412,买盘
1271,14:12:07,6.03,0.0,34,20502,买盘
1272,14:12:09,6.03,0.0,50,30150,买盘
1273,14:12:18,6.02,-0.01,78,46956,卖盘
1274,14:12:42,6.02,0.0,20,12040,卖盘
1275,14:12:48,6.02,0.0,88,52976,卖盘
1276,14:12:51,6.03,0.01,48,28944,买盘
1277,14:12:54,6.02,-0.01,15,9030,卖盘
1278,14:13:06,6.02,0.0,50,30100,卖盘
1279,14:13:24,6.02,0.0,1,602,卖盘
1280,14:13:40,6.03,0.01,2,1206,买盘
1281,14:13:42,6.02,-0.01,4,2408,卖盘
1282,14:13:45,6.02,0.0,510,307020,卖盘
1283,14:13:54,6.02,0.0,5,3010,卖盘
1284,14:13:58,6.03,0.01,8,4824,买盘
1285,14:14:01,6.02,-0.01,10,6020,卖盘
1286,14:14:06,6.03,0.01,5,3015,买盘
1287,14:15:04,6.03,0.0,20,12060,买盘
1288,14:15:06,6.03,0.0,20,12060,买盘
1289,14:15:21,6.02,-0.01,50,30100,卖盘
1290,14:15:58,6.02,0.0,5,3010,卖盘
1291,14:16:01,6.02,0.0,40,24080,卖盘
1292,14:16:15,6.02,0.0,35,21070,卖盘
1293,14:16:18,6.02,0.0,1,602,卖盘
1294,14:16:30,6.02,0.0,30,18060,卖盘
1295,14:16:43,6.02,0.0,20,12040,卖盘
1296,14:16:46,6.03,0.01,3,1809,买盘
1297,14:16:49,6.02,-0.01,67,40334,卖盘
1298,14:17:15,6.02,0.0,59,35518,卖盘
1299,14:17:27,6.02,0.0,320,192640,卖盘
1300,14:17:33,6.02,0.0,78,46956,卖盘
1301,14:17:36,6.02,0.0,15,9030,卖盘
1302,14:17:39,6.02,0.0,93,55986,卖盘
1303,14:17:46,6.02,0.0,1,602,买盘
1304,14:17:49,6.02,0.0,14,8428,买盘
1305,14:17:57,6.01,-0.01,18,10818,卖盘
1306,14:18:03,6.03,0.02,358,215320,买盘
1307,14:18:12,6.02,-0.01,40,24080,卖盘
1308,14:18:24,6.02,0.0,7,4214,卖盘
1309,14:18:27,6.02,0.0,16,9632,买盘
1310,14:18:36,6.02,0.0,63,37926,买盘
1311,14:18:54,6.02,0.0,30,18060,卖盘
1312,14:18:58,6.02,0.0,3,1806,卖盘
1313,14:19:00,6.02,0.0,37,22274,卖盘
1314,14:19:06,6.01,-0.01,1491,896091,卖盘
1315,14:19:12,6.01,0.0,23,13823,买盘
1316,14:19:15,6.01,0.0,17,10217,买盘
1317,14:19:25,6.0,-0.01,6,3600,卖盘
1318,14:19:28,6.01,0.01,10,6010,买盘
1319,14:19:36,6.0,-0.01,1,600,卖盘
1320,14:19:39,6.01,0.01,5,3005,买盘
1321,14:19:42,6.0,-0.01,10,6000,卖盘
1322,14:19:45,6.01,0.01,20,12020,买盘
1323,14:19:51,6.01,0.0,17,10217,买盘
1324,14:19:57,6.0,-0.01,19,11410,卖盘
1325,14:20:04,6.0,0.0,10,6000,卖盘
1326,14:20:06,6.0,0.0,49,29440,卖盘
1327,14:20:12,6.0,0.0,15,9000,卖盘
1328,14:20:16,6.0,0.0,1,600,卖盘
1329,14:20:19,6.0,0.0,16,9600,卖盘
1330,14:20:24,6.01,0.01,6,3606,买盘
1331,14:20:30,6.01,0.0,20,12020,买盘
1332,14:20:34,6.01,0.0,23,13823,买盘
1333,14:20:42,6.0,-0.01,30,18020,卖盘
1334,14:20:48,6.01,0.01,24,14417,买盘
1335,14:20:52,6.0,-0.01,20,12000,卖盘
1336,14:20:55,6.01,0.01,10,6010,买盘
1337,14:20:57,6.0,-0.01,66,39610,卖盘
1338,14:21:03,6.01,0.01,100,60100,买盘
1339,14:21:06,6.01,0.0,90,54090,买盘
1340,14:21:09,6.01,0.0,60,36060,买盘
1341,14:21:12,6.01,0.0,16,9616,买盘
1342,14:21:15,6.01,0.0,30,18030,买盘
1343,14:21:18,6.01,0.0,379,227779,买盘
1344,14:21:21,6.01,0.0,452,271652,买盘
1345,14:21:30,6.02,0.01,27,16254,买盘
1346,14:21:36,6.02,0.0,36,21672,买盘
1347,14:21:45,6.02,0.0,2,1204,买盘
1348,14:21:54,6.02,0.0,25,15050,买盘
1349,14:22:24,6.02,0.0,86,51772,买盘
1350,14:22:30,6.02,0.0,16,9632,买盘
1351,14:22:33,6.02,0.0,25,15050,买盘
1352,14:22:36,6.02,0.0,7,4214,买盘
1353,14:22:45,6.01,-0.01,55,33055,卖盘
1354,14:22:48,6.02,0.01,8,4816,买盘
1355,14:22:55,6.02,0.0,58,34916,买盘
1356,14:23:00,6.02,0.0,40,24080,买盘
1357,14:23:04,6.02,0.0,11,6622,买盘
1358,14:23:06,6.02,0.0,14,8428,卖盘
1359,14:23:15,6.02,0.0,37,22274,卖盘
1360,14:23:34,6.02,0.0,30,18080,卖盘
1361,14:23:37,6.02,0.0,3,1806,买盘
1362,14:23:39,6.02,0.0,20,12040,买盘
1363,14:23:45,6.01,-0.01,1,601,卖盘
1364,14:23:49,6.02,0.01,8,4816,买盘
1365,14:23:57,6.02,0.0,14,8428,买盘
1366,14:24:15,6.02,0.0,25,15050,买盘
1367,14:24:21,6.02,0.0,30,18060,卖盘
1368,14:24:33,6.02,0.0,5,3010,卖盘
1369,14:24:37,6.02,0.0,14,8428,买盘
1370,14:24:45,6.02,0.0,1,602,买盘
1371,14:24:48,6.02,0.0,1,602,买盘
1372,14:24:54,6.02,0.0,123,74046,买盘
1373,14:25:03,6.01,-0.01,17,10217,卖盘
1374,14:25:09,6.02,0.01,73,43946,买盘
1375,14:25:12,6.02,0.0,20,12040,买盘
1376,14:25:18,6.02,0.0,8,4816,买盘
1377,14:25:24,6.02,0.0,3,1806,买盘
1378,14:25:48,6.02,0.0,27,16254,买盘
1379,14:25:51,6.02,0.0,16,9632,买盘
1380,14:25:57,6.02,0.0,25,15050,买盘
1381,14:26:01,6.02,0.0,1,602,买盘
1382,14:26:04,6.02,0.0,11,6622,买盘
1383,14:26:15,6.02,0.0,6,3612,买盘
1384,14:26:19,6.02,0.0,22,13244,买盘
1385,14:26:33,6.02,0.0,54,32508,买盘
1386,14:26:49,6.02,0.0,83,49966,买盘
1387,14:27:00,6.01,-0.01,30,18030,卖盘
1388,14:27:04,6.02,0.01,27,16254,买盘
1389,14:27:12,6.02,0.0,20,12040,买盘
1390,14:27:18,6.02,0.0,30,18060,买盘
1391,14:27:24,6.02,0.0,3,1806,买盘
1392,14:27:30,6.02,0.0,20,12040,买盘
1393,14:27:40,6.02,0.0,82,49364,买盘
1394,14:27:48,6.02,0.0,76,45752,买盘
1395,14:27:54,6.02,0.0,10,6020,买盘
1396,14:28:10,6.02,0.0,2,1204,买盘
1397,14:28:24,6.01,-0.01,78,46949,卖盘
1398,14:28:28,6.02,0.01,90,54180,买盘
1399,14:28:42,6.02,0.0,5,3010,卖盘
1400,14:29:15,6.02,0.0,4,2408,卖盘
1401,14:29:21,6.02,0.0,28,16856,卖盘
1402,14:29:27,6.02,0.0,11,6622,卖盘
1403,14:29:31,6.02,0.0,1,602,卖盘
1404,14:29:43,6.02,0.0,45,27090,卖盘
1405,14:29:58,6.03,0.01,39,23517,买盘
1406,14:30:10,6.02,-0.01,8,4816,卖盘
1407,14:30:13,6.03,0.01,2,1206,买盘
1408,14:30:15,6.03,0.0,5,3015,买盘
1409,14:30:21,6.03,0.0,12,7236,买盘
1410,14:30:24,6.03,0.0,60,36180,买盘
1411,14:30:28,6.02,-0.01,13,7826,卖盘
1412,14:30:31,6.03,0.01,5,3015,买盘
1413,14:30:52,6.03,0.0,18,10854,买盘
1414,14:31:04,6.02,-0.01,52,31304,卖盘
1415,14:31:19,6.03,0.01,11,6633,买盘
1416,14:31:21,6.02,-0.01,5,3010,卖盘
1417,14:31:30,6.02,0.0,6,3612,卖盘
1418,14:31:33,6.02,0.0,3,1806,卖盘
1419,14:31:45,6.03,0.01,50,30150,买盘
1420,14:31:48,6.02,-0.01,5,3010,卖盘
1421,14:31:54,6.03,0.01,33,19879,买盘
1422,14:32:06,6.02,-0.01,15,9030,卖盘
1423,14:32:09,6.02,0.0,1,602,卖盘
1424,14:32:27,6.03,0.01,4,2412,买盘
1425,14:32:36,6.03,0.0,119,71757,买盘
1426,14:32:40,6.03,0.0,12,7236,买盘
1427,14:32:45,6.03,0.0,10,6030,买盘
1428,14:32:58,6.03,0.0,407,245421,买盘
1429,14:33:00,6.03,0.0,476,287028,买盘
1430,14:33:21,6.04,0.01,2,1208,买盘
1431,14:33:25,6.03,-0.01,10,6030,卖盘
1432,14:33:43,6.03,0.0,12,7236,卖盘
1433,14:34:07,6.04,0.01,2,1208,买盘
1434,14:34:27,6.03,-0.01,2,1206,卖盘
1435,14:34:30,6.03,0.0,34,20507,卖盘
1436,14:34:46,6.03,0.0,403,243009,卖盘
1437,14:34:51,6.03,0.0,231,139293,买盘
1438,14:35:01,6.03,0.0,10,6030,买盘
1439,14:35:04,6.03,0.0,20,12060,买盘
1440,14:35:33,6.02,-0.01,57,34331,卖盘
1441,14:35:36,6.03,0.01,300,180900,买盘
1442,14:35:52,6.03,0.0,32,19296,买盘
1443,14:35:54,6.02,-0.01,2,1204,卖盘
1444,14:35:57,6.02,0.0,24,14448,卖盘
1445,14:36:06,6.02,0.0,20,12040,卖盘
1446,14:36:18,6.03,0.01,2,1206,买盘
1447,14:36:36,6.03,0.0,250,150750,买盘
1448,14:36:39,6.03,0.0,24,14472,买盘
1449,14:36:43,6.03,0.0,3,1827,买盘
1450,14:37:03,6.03,0.0,1,603,卖盘
1451,14:37:15,6.04,0.01,10,6040,买盘
1452,14:37:30,6.03,-0.01,65,39195,卖盘
1453,14:37:33,6.03,0.0,14,8442,卖盘
1454,14:38:00,6.02,-0.01,291,175312,卖盘
1455,14:38:19,6.03,0.01,19,11457,卖盘
1456,14:38:21,6.03,0.0,30,18090,卖盘
1457,14:39:04,6.03,0.0,1,603,买盘
1458,14:39:18,6.02,-0.01,20,12040,卖盘
1459,14:39:24,6.02,0.0,15,9040,卖盘
1460,14:39:37,6.02,0.0,40,24080,卖盘
1461,14:39:42,6.02,0.0,50,30100,卖盘
1462,14:39:46,6.03,0.01,10,6030,买盘
1463,14:39:57,6.02,-0.01,4,2408,卖盘
1464,14:40:01,6.02,0.0,320,192640,卖盘
1465,14:40:04,6.03,0.01,5,3015,买盘
1466,14:40:09,6.02,-0.01,101,60802,卖盘
1467,14:40:19,6.02,0.0,6,3612,卖盘
1468,14:40:21,6.02,0.0,251,151102,卖盘
1469,14:40:33,6.03,0.01,5,3015,买盘
1470,14:40:43,6.02,-0.01,48,28896,卖盘
1471,14:40:46,6.02,0.0,2,1204,卖盘
1472,14:40:48,6.02,0.0,109,65618,卖盘
1473,14:40:51,6.03,0.01,3,1809,买盘
1474,14:40:54,6.02,-0.01,50,30100,卖盘
1475,14:41:00,6.02,0.0,489,294360,卖盘
1476,14:41:09,6.02,0.0,52,31304,买盘
1477,14:41:12,6.01,-0.01,9,5409,卖盘
1478,14:41:22,6.02,0.01,10,6020,买盘
1479,14:41:27,6.01,-0.01,368,221168,卖盘
1480,14:41:33,6.02,0.01,20,12040,买盘
1481,14:41:54,6.02,0.0,27,16254,买盘
1482,14:42:13,6.01,-0.01,1,601,卖盘
1483,14:42:16,6.02,0.01,31,18657,买盘
1484,14:42:24,6.01,-0.01,130,78230,卖盘
1485,14:42:34,6.02,0.01,19,11438,买盘
1486,14:42:43,6.01,-0.01,10,6010,卖盘
1487,14:42:48,6.02,0.01,20,12040,买盘
1488,14:42:55,6.01,-0.01,5,3005,卖盘
1489,14:42:58,6.02,0.01,77,46354,买盘
1490,14:43:04,6.02,0.0,104,62608,买盘
1491,14:43:13,6.02,0.0,13,7826,买盘
1492,14:43:27,6.01,-0.01,239,143672,卖盘
1493,14:43:30,6.02,0.01,19,11438,买盘
1494,14:43:36,6.01,-0.01,11,6611,卖盘
1495,14:43:39,6.02,0.01,40,24080,买盘
1496,14:43:42,6.02,0.0,74,44548,买盘
1497,14:43:49,6.01,-0.01,37,22240,卖盘
1498,14:43:55,6.02,0.01,315,189630,买盘
1499,14:43:58,6.02,0.0,248,149296,买盘
1500,14:44:00,6.02,0.0,140,84298,买盘
1501,14:44:04,6.02,0.0,376,226352,卖盘
1502,14:44:07,6.02,0.0,15,9030,卖盘
1503,14:44:10,6.02,0.0,10,6020,卖盘
1504,14:44:13,6.02,0.0,419,252286,卖盘
1505,14:44:19,6.02,0.0,8,4816,卖盘
1506,14:44:43,6.02,0.0,15,9030,卖盘
1507,14:44:46,6.03,0.01,4,2412,买盘
1508,14:44:54,6.02,-0.01,10,6020,卖盘
1509,14:45:04,6.02,0.0,40,24080,卖盘
1510,14:45:10,6.02,0.0,12,7224,卖盘
1511,14:45:13,6.02,0.0,55,33160,卖盘
1512,14:45:16,6.03,0.01,100,60300,买盘
1513,14:45:22,6.03,0.0,10,6030,买盘
1514,14:45:51,6.03,0.0,100,60202,买盘
1515,14:45:54,6.03,0.0,2,1206,买盘
1516,14:46:07,6.03,0.0,1,603,买盘
1517,14:46:10,6.02,-0.01,60,36120,卖盘
1518,14:46:19,6.03,0.01,31,18693,买盘
1519,14:46:25,6.02,-0.01,500,301000,卖盘
1520,14:46:31,6.02,0.0,110,66220,卖盘
1521,14:46:34,6.02,0.0,50,30100,卖盘
1522,14:46:46,6.03,0.01,6,3618,买盘
1523,14:46:52,6.03,0.0,426,256878,买盘
1524,14:46:55,6.02,-0.01,10,6020,卖盘
1525,14:46:58,6.02,0.0,54,32508,卖盘
1526,14:47:04,6.02,0.0,304,183008,卖盘
1527,14:47:07,6.03,0.01,1,603,买盘
1528,14:47:15,6.03,0.0,2,1206,买盘
1529,14:47:22,6.03,0.0,4,2412,买盘
1530,14:47:42,6.03,0.0,36,21708,买盘
1531,14:47:45,6.03,0.0,101,60902,买盘
1532,14:47:52,6.03,0.0,10,6030,买盘
1533,14:47:55,6.03,0.0,4,2412,买盘
1534,14:47:57,6.03,0.0,4,2412,买盘
1535,14:48:01,6.03,0.0,30,18090,买盘
1536,14:48:07,6.03,0.0,42,25326,买盘
1537,14:48:10,6.03,0.0,85,51255,买盘
1538,14:48:13,6.03,0.0,78,47034,买盘
1539,14:48:16,6.03,0.0,81,48843,买盘
1540,14:48:18,6.03,0.0,19,11457,买盘
1541,14:48:22,6.03,0.0,40,24120,买盘
1542,14:48:28,6.02,-0.01,58,34950,卖盘
1543,14:48:31,6.02,0.0,3,1806,卖盘
1544,14:48:34,6.02,0.0,5,3010,卖盘
1545,14:48:36,6.03,0.01,6,3618,买盘
1546,14:48:40,6.03,0.0,70,42210,买盘
1547,14:48:52,6.02,-0.01,20,12040,卖盘
1548,14:49:00,6.03,0.01,471,284013,买盘
1549,14:49:04,6.03,0.0,12,7236,买盘
1550,14:49:06,6.03,0.0,4,2412,买盘
1551,14:49:10,6.03,0.0,397,239409,买盘
1552,14:49:13,6.03,0.0,45,27135,卖盘
1553,14:49:33,6.03,0.0,16,9648,卖盘
1554,14:49:36,6.03,0.0,34,20502,卖盘
1555,14:49:45,6.04,0.01,10,6040,买盘
1556,14:49:52,6.03,-0.01,3,1809,卖盘
1557,14:50:04,6.03,0.0,16,9648,卖盘
1558,14:50:13,6.04,0.01,40,24160,买盘
1559,14:50:25,6.04,0.0,20,12080,买盘
1560,14:50:28,6.04,0.0,20,12080,买盘
1561,14:50:31,6.03,-0.01,1,603,卖盘
1562,14:50:37,6.04,0.01,208,125432,买盘
1563,14:50:46,6.03,-0.01,2,1206,卖盘
1564,14:50:52,6.04,0.01,373,225292,买盘
1565,14:50:55,6.03,-0.01,10,6030,卖盘
1566,14:50:58,6.03,0.0,10,6030,卖盘
1567,14:51:07,6.04,0.01,2,1208,买盘
1568,14:51:10,6.04,0.0,12,7248,买盘
1569,14:51:12,6.03,-0.01,22,13266,卖盘
1570,14:51:16,6.03,0.0,72,43416,卖盘
1571,14:51:21,6.04,0.01,119,71856,买盘
1572,14:51:28,6.04,0.0,143,86372,买盘
1573,14:51:31,6.03,-0.01,5,3015,卖盘
1574,14:51:39,6.03,0.0,100,60320,卖盘
1575,14:51:46,6.04,0.01,9,5436,买盘
1576,14:51:49,6.03,-0.01,160,96480,卖盘
1577,14:51:55,6.04,0.01,4,2416,买盘
1578,14:51:58,6.04,0.0,33,19932,买盘
1579,14:52:04,6.04,0.0,10,6039,买盘
1580,14:52:07,6.03,-0.01,53,32002,卖盘
1581,14:52:10,6.04,0.01,7,4228,买盘
1582,14:52:12,6.04,0.0,233,140732,买盘
1583,14:52:16,6.04,0.0,40,24160,买盘
1584,14:52:18,6.04,0.0,1,604,买盘
1585,14:52:21,6.04,0.0,86,51944,买盘
1586,14:52:24,6.04,0.0,30,18120,卖盘
1587,14:52:28,6.04,0.0,20,12080,卖盘
1588,14:52:30,6.04,0.0,1,604,卖盘
1589,14:52:34,6.04,0.0,7,4228,卖盘
1590,14:52:37,6.04,0.0,50,30200,卖盘
1591,14:52:40,6.05,0.01,10,6050,买盘
1592,14:53:01,6.04,-0.01,20,12083,卖盘
1593,14:53:13,6.04,0.0,26,15704,卖盘
1594,14:53:16,6.05,0.01,9,5445,买盘
1595,14:53:19,6.04,-0.01,10,6040,卖盘
1596,14:53:25,6.05,0.01,51,30855,买盘
1597,14:53:31,6.05,0.0,3,1815,买盘
1598,14:53:40,6.05,0.0,69,41745,买盘
1599,14:53:43,6.04,-0.01,4,2416,卖盘
1600,14:53:45,6.04,0.0,62,37448,卖盘
1601,14:54:10,6.04,0.0,136,82144,卖盘
1602,14:54:16,6.05,0.01,50,30250,买盘
1603,14:54:19,6.05,0.0,30,18148,买盘
1604,14:54:22,6.04,-0.01,135,81540,卖盘
1605,14:54:28,6.04,0.0,6,3624,卖盘
1606,14:54:31,6.05,0.01,58,35090,买盘
1607,14:54:33,6.05,0.0,10,6050,买盘
1608,14:54:36,6.05,0.0,20,12100,买盘
1609,14:54:40,6.04,-0.01,10,6040,卖盘
1610,14:54:42,6.05,0.01,5,3025,买盘
1611,14:54:46,6.05,0.0,8,4839,买盘
1612,14:54:52,6.04,-0.01,299,180596,卖盘
1613,14:54:55,6.04,0.0,20,12095,卖盘
1614,14:55:01,6.04,0.0,101,61004,卖盘
1615,14:55:09,6.04,0.0,153,92412,卖盘
1616,14:55:13,6.04,0.0,110,66440,卖盘
1617,14:55:18,6.04,0.0,30,18120,卖盘
1618,14:55:21,6.04,0.0,67,40468,卖盘
1619,14:55:25,6.04,0.0,30,18120,卖盘
1620,14:55:28,6.04,0.0,50,30200,卖盘
1621,14:55:31,6.04,0.0,29,17516,卖盘
1622,14:55:34,6.04,0.0,5,3020,卖盘
1623,14:55:37,6.04,0.0,101,61004,卖盘
1624,14:55:40,6.04,0.0,20,12080,卖盘
1625,14:55:43,6.04,0.0,95,57380,卖盘
1626,14:55:55,6.04,0.0,509,307930,卖盘
1627,14:55:58,6.04,0.0,1,604,卖盘
1628,14:56:03,6.04,0.0,49,29596,卖盘
1629,14:56:10,6.04,0.0,54,32616,卖盘
1630,14:56:15,6.05,0.01,38,22990,买盘
1631,14:56:19,6.04,-0.01,52,31408,卖盘
1632,14:56:22,6.05,0.01,2,1210,买盘
1633,14:56:28,6.05,0.0,2,1210,买盘
1634,14:56:31,6.04,-0.01,285,172363,卖盘
1635,14:56:40,6.05,0.01,38,22990,买盘
1636,14:56:43,6.04,-0.01,10,6040,卖盘
1637,14:56:46,6.05,0.01,14,8470,买盘
1638,14:56:48,6.05,0.0,19,11495,买盘
1639,14:56:55,6.05,0.0,23,13915,买盘
1640,14:56:58,6.04,-0.01,20,12080,卖盘
1641,14:57:00,6.05,0.01,14,8470,买盘
1642,15:00:04,6.04,-0.01,1415,854660,卖盘
