,time,price,change,volume,amount,type
0,09:25:05,24.05,0.55,175,420875,卖盘
1,09:30:04,24.18,0.13,27,65101,买盘
2,09:30:07,24.1,-0.08,103,248696,中性盘
3,09:30:10,24.17,0.07,14,33792,买盘
4,09:30:13,24.2,0.03,8,19351,买盘
5,09:30:16,24.18,-0.02,6,14518,卖盘
6,09:30:25,24.26,0.08,64,155096,买盘
7,09:30:28,24.26,0.0,11,26686,卖盘
8,09:30:31,24.26,0.0,2,4852,卖盘
9,09:30:34,24.27,0.01,1,2427,买盘
10,09:30:37,24.25,-0.02,4,9702,卖盘
11,09:30:40,24.25,0.0,2,4850,买盘
12,09:30:43,24.25,0.0,1,2425,买盘
13,09:30:46,24.2,-0.05,58,140362,卖盘
14,09:30:49,24.2,0.0,45,108900,买盘
15,09:30:52,24.2,0.0,51,123426,买盘
16,09:30:55,24.17,-0.03,12,29014,卖盘
17,09:30:58,24.2,0.03,26,62902,买盘
18,09:31:01,24.17,-0.03,28,67739,卖盘
19,09:31:04,24.2,0.03,24,58040,买盘
20,09:31:10,24.17,-0.03,15,36265,卖盘
21,09:31:13,24.14,-0.03,4,9657,卖盘
22,09:31:19,24.15,0.01,32,77237,买盘
23,09:31:28,24.12,-0.03,2,4824,卖盘
24,09:31:31,24.12,0.0,8,19296,卖盘
25,09:31:34,24.12,0.0,15,36180,卖盘
26,09:31:40,24.12,0.0,87,209957,卖盘
27,09:31:43,24.12,0.0,31,74772,卖盘
28,09:31:46,24.13,0.01,10,24126,买盘
29,09:31:49,24.13,0.0,10,24133,卖盘
30,09:31:52,24.13,0.0,10,24130,卖盘
31,09:31:55,24.13,0.0,1,2413,卖盘
32,09:32:01,24.13,0.0,6,14481,卖盘
33,09:32:04,24.13,0.0,22,53087,卖盘
34,09:32:07,24.15,0.02,24,57918,买盘
35,09:32:13,24.13,-0.02,10,24133,卖盘
36,09:32:16,24.14,0.01,7,16892,买盘
37,09:32:22,24.15,0.01,5,12075,买盘
38,09:32:25,24.14,-0.01,2,4828,卖盘
39,09:32:28,24.15,0.01,29,70011,买盘
40,09:32:37,24.15,0.0,31,74867,卖盘
41,09:32:40,24.14,-0.01,48,115917,卖盘
42,09:32:46,24.14,0.0,18,43469,卖盘
43,09:32:49,24.15,0.01,29,70035,买盘
44,09:32:52,24.16,0.01,3,7248,卖盘
45,09:32:55,24.15,-0.01,19,45903,卖盘
46,09:32:58,24.15,0.0,2,4831,卖盘
47,09:33:04,24.15,0.0,2,4830,卖盘
48,09:33:07,24.17,0.02,15,36238,买盘
49,09:33:10,24.16,-0.01,14,33824,中性盘
50,09:33:13,24.16,0.0,6,14496,卖盘
51,09:33:16,24.16,0.0,5,12080,卖盘
52,09:33:22,24.16,0.0,4,9664,卖盘
53,09:33:25,24.16,0.0,8,19326,中性盘
54,09:33:28,24.15,-0.01,3,7245,卖盘
55,09:33:31,24.14,-0.01,20,48294,卖盘
56,09:33:34,24.14,0.0,18,43462,卖盘
57,09:33:37,24.14,0.0,7,16898,卖盘
58,09:33:40,24.14,0.0,9,21726,卖盘
59,09:33:43,24.13,-0.01,26,62760,卖盘
60,09:33:46,24.1,-0.03,49,118178,卖盘
61,09:33:49,24.09,-0.01,8,19274,卖盘
62,09:34:04,24.09,0.0,15,36142,卖盘
63,09:34:10,24.09,0.0,1,2409,卖盘
64,09:34:13,24.1,0.01,23,55408,买盘
65,09:34:16,24.09,-0.01,2,4818,卖盘
66,09:34:19,24.09,0.0,90,216814,卖盘
67,09:34:22,24.09,0.0,1,2409,买盘
68,09:34:28,24.08,-0.01,1,2408,卖盘
69,09:34:34,24.08,0.0,61,146888,卖盘
70,09:34:37,24.08,0.0,45,108360,卖盘
71,09:34:40,24.12,0.04,87,209632,买盘
72,09:34:43,24.09,-0.03,1,2409,中性盘
73,09:34:46,24.13,0.04,49,118237,买盘
74,09:34:49,24.13,0.0,22,53086,卖盘
75,09:34:55,24.13,0.0,1,2413,卖盘
76,09:34:58,24.13,0.0,3,7239,卖盘
77,09:35:01,24.13,0.0,11,26543,卖盘
78,09:35:04,24.13,0.0,70,168926,卖盘
79,09:35:22,24.13,0.0,1,2413,买盘
80,09:35:31,24.13,0.0,1,2413,买盘
81,09:35:37,24.13,0.0,3,7239,买盘
82,09:35:46,24.09,-0.04,16,38551,卖盘
83,09:35:49,24.09,0.0,5,12045,买盘
84,09:35:52,24.11,0.02,2,4822,卖盘
85,09:35:55,24.13,0.02,4,9652,买盘
86,09:35:58,24.13,0.0,11,26543,买盘
87,09:36:01,24.12,-0.01,8,19296,中性盘
88,09:36:05,24.12,0.0,193,464739,买盘
89,09:36:07,24.12,0.0,9,21696,买盘
90,09:36:19,24.12,0.0,60,144720,买盘
91,09:36:25,24.08,-0.04,19,45755,卖盘
92,09:36:28,24.15,0.07,121,291920,买盘
93,09:36:49,24.15,0.0,6,14490,买盘
94,09:36:55,24.12,-0.03,1,2412,卖盘
95,09:37:01,24.14,0.02,1,2414,买盘
96,09:37:10,24.14,0.0,1,2414,买盘
97,09:37:13,24.14,0.0,4,9656,买盘
98,09:37:16,24.14,0.0,5,12070,买盘
99,09:37:19,24.13,-0.01,8,19304,卖盘
100,09:37:25,24.13,0.0,19,45864,卖盘
101,09:37:28,24.13,0.0,1,2413,买盘
102,09:37:31,24.12,-0.01,10,24120,卖盘
103,09:37:34,24.12,0.0,9,21708,卖盘
104,09:37:37,24.13,0.01,6,14478,买盘
105,09:37:40,24.13,0.0,3,7239,卖盘
106,09:37:49,24.12,-0.01,4,9649,卖盘
107,09:37:52,24.12,0.0,7,16884,卖盘
108,09:38:04,24.11,-0.01,3,7233,卖盘
109,09:38:06,24.12,0.01,10,24120,买盘
110,09:38:10,24.11,-0.01,1,2411,卖盘
111,09:38:16,24.11,0.0,1,2411,买盘
112,09:38:19,24.1,-0.01,3,7230,卖盘
113,09:38:22,24.11,0.01,2,4822,买盘
114,09:38:25,24.11,0.0,3,7233,买盘
115,09:38:28,24.1,-0.01,7,16870,卖盘
116,09:38:34,24.1,0.0,6,14460,买盘
117,09:38:40,24.1,0.0,9,21690,买盘
118,09:38:43,24.09,-0.01,7,16867,卖盘
119,09:38:49,24.1,0.01,1,2410,卖盘
120,09:38:55,24.1,0.0,2,4820,卖盘
121,09:39:01,24.1,0.0,1,2410,买盘
122,09:39:07,24.1,0.0,9,21690,买盘
123,09:39:10,24.1,0.0,7,16864,买盘
124,09:39:13,24.1,0.0,1,2410,买盘
125,09:39:16,24.1,0.0,1,2410,买盘
126,09:39:22,24.1,0.0,5,12050,卖盘
127,09:39:37,24.11,0.01,1,2411,买盘
128,09:39:40,24.09,-0.02,4,9638,卖盘
129,09:39:43,24.11,0.02,2,4822,买盘
130,09:39:49,24.12,0.01,7,16882,买盘
131,09:39:58,24.09,-0.03,5,12045,卖盘
132,09:40:01,24.12,0.03,2,4824,买盘
133,09:40:13,24.11,-0.01,3,7233,卖盘
134,09:40:19,24.11,0.0,1,2411,卖盘
135,09:40:28,24.11,0.0,5,12055,买盘
136,09:40:34,24.1,-0.01,2,4820,卖盘
137,09:40:40,24.1,0.0,17,40970,卖盘
138,09:40:49,24.1,0.0,11,26510,买盘
139,09:40:52,24.09,-0.01,3,7227,卖盘
140,09:40:58,24.08,-0.01,2,4817,卖盘
141,09:41:10,24.08,0.0,10,24080,卖盘
142,09:41:22,24.08,0.0,6,14448,卖盘
143,09:41:25,24.07,-0.01,7,16853,卖盘
144,09:41:28,24.08,0.01,1,2408,中性盘
145,09:41:37,24.08,0.0,73,175714,买盘
146,09:41:40,24.08,0.0,83,199810,买盘
147,09:41:46,24.08,0.0,1,2408,卖盘
148,09:41:49,24.07,-0.01,5,12035,卖盘
149,09:41:52,24.08,0.01,1,2408,买盘
150,09:41:55,24.08,0.0,9,21672,卖盘
151,09:41:58,24.08,0.0,1,2408,中性盘
152,09:42:01,24.07,-0.01,7,16849,卖盘
153,09:42:07,24.06,-0.01,9,21654,卖盘
154,09:42:13,24.06,0.0,1,2406,卖盘
155,09:42:25,24.06,0.0,2,4812,卖盘
156,09:42:31,24.05,-0.01,26,62550,卖盘
157,09:42:37,24.05,0.0,11,26455,卖盘
158,09:42:46,24.04,-0.01,8,19232,卖盘
159,09:42:49,24.04,0.0,15,36060,卖盘
160,09:42:58,24.01,-0.03,8,19215,卖盘
161,09:43:01,23.99,-0.02,54,129589,卖盘
162,09:43:07,23.91,-0.08,17,40655,卖盘
163,09:43:13,23.9,-0.01,1,2390,卖盘
164,09:43:19,23.86,-0.04,4,9550,卖盘
165,09:43:22,23.85,-0.01,44,104951,卖盘
166,09:43:25,23.86,0.01,39,93052,买盘
167,09:43:28,23.81,-0.05,3,7153,卖盘
168,09:43:31,23.81,0.0,2,4762,卖盘
169,09:43:34,23.81,0.0,30,71530,卖盘
170,09:43:46,23.91,0.1,2,4782,买盘
171,09:43:52,23.95,0.04,2,4790,卖盘
172,09:43:55,23.85,-0.1,2,4770,卖盘
173,09:44:07,23.91,0.06,9,21519,卖盘
174,09:44:10,23.91,0.0,12,28692,卖盘
175,09:44:13,23.9,-0.01,3,7172,卖盘
176,09:44:16,23.95,0.05,37,88527,买盘
177,09:44:19,23.91,-0.04,8,19128,中性盘
178,09:44:22,23.91,0.0,7,16737,买盘
179,09:44:28,23.95,0.04,30,71844,买盘
180,09:44:31,23.96,0.01,8,19168,买盘
181,09:44:34,23.93,-0.03,4,9572,买盘
182,09:44:37,23.93,0.0,22,52639,买盘
183,09:44:40,23.99,0.06,8,19175,买盘
184,09:44:43,23.99,0.0,12,28728,买盘
185,09:44:46,23.99,0.0,17,40783,买盘
186,09:44:49,23.99,0.0,5,11995,买盘
187,09:44:52,23.99,0.0,8,19192,买盘
188,09:44:55,24.01,0.02,23,55193,买盘
189,09:44:58,24.01,0.0,10,24010,买盘
190,09:45:01,24.01,0.0,12,28812,买盘
191,09:45:07,24.01,0.0,32,76818,买盘
192,09:45:10,24.01,0.0,19,45619,买盘
193,09:45:13,24.01,0.0,17,40832,中性盘
194,09:45:16,24.01,0.0,25,60026,卖盘
195,09:45:25,24.01,0.0,10,24010,买盘
196,09:45:31,24.0,-0.01,30,72005,卖盘
197,09:45:34,24.01,0.01,3,7204,中性盘
198,09:45:37,24.02,0.01,16,38432,买盘
199,09:45:40,24.01,-0.01,13,31213,卖盘
200,09:45:49,24.01,0.0,6,14406,卖盘
201,09:45:52,24.01,0.0,23,55223,卖盘
202,09:45:55,24.01,0.0,4,9604,中性盘
203,09:46:01,24.01,0.0,9,21609,卖盘
204,09:46:13,24.01,0.0,6,14406,买盘
205,09:46:16,24.01,0.0,29,69619,买盘
206,09:46:22,24.0,-0.01,2,4800,卖盘
207,09:46:28,24.0,0.0,12,28800,卖盘
208,09:46:40,24.0,0.0,48,115159,买盘
209,09:46:43,24.0,0.0,15,36000,买盘
210,09:46:46,24.0,0.0,10,23993,买盘
211,09:46:49,24.01,0.01,3,7203,买盘
212,09:46:55,24.0,-0.01,15,36010,卖盘
213,09:47:01,24.0,0.0,24,57600,卖盘
214,09:47:04,23.99,-0.01,16,38384,卖盘
215,09:47:31,23.99,0.0,3,7197,买盘
216,09:47:34,23.99,0.0,5,11995,卖盘
217,09:47:37,23.98,-0.01,9,21589,卖盘
218,09:47:43,23.94,-0.04,97,232290,卖盘
219,09:47:49,23.94,0.0,2,4788,卖盘
220,09:48:01,23.94,0.0,59,141233,买盘
221,09:48:10,23.94,0.0,7,16758,买盘
222,09:48:13,23.86,-0.08,30,71672,卖盘
223,09:48:16,23.92,0.06,8,19136,卖盘
224,09:48:19,23.94,0.02,4,9576,买盘
225,09:48:25,23.94,0.0,5,11970,卖盘
226,09:48:28,23.94,0.0,2,4791,卖盘
227,09:48:31,23.94,0.0,6,14364,卖盘
228,09:48:37,23.94,0.0,8,19155,卖盘
229,09:48:58,23.94,0.0,11,26337,卖盘
230,09:49:04,23.94,0.0,30,71820,卖盘
231,09:49:13,23.94,0.0,5,11970,卖盘
232,09:49:28,23.92,-0.02,1,2392,卖盘
233,09:49:31,23.92,0.0,4,9568,卖盘
234,09:49:43,23.94,0.02,15,35908,买盘
235,09:49:46,23.93,-0.01,2,4786,卖盘
236,09:50:01,23.92,-0.01,1,2392,卖盘
237,09:50:16,23.92,0.0,1,2392,卖盘
238,09:50:19,23.93,0.01,3,7179,买盘
239,09:50:25,23.92,-0.01,6,14352,卖盘
240,09:50:52,23.92,0.0,13,31096,买盘
241,09:50:55,23.92,0.0,50,119600,买盘
242,09:51:01,23.92,0.0,16,38272,买盘
243,09:51:07,23.91,-0.01,20,47817,买盘
244,09:51:10,23.92,0.01,39,93288,买盘
245,09:51:16,23.92,0.0,1,2392,买盘
246,09:51:19,23.92,0.0,3,7176,买盘
247,09:51:22,23.94,0.02,33,79002,买盘
248,09:51:25,23.9,-0.04,48,114811,卖盘
249,09:51:28,23.9,0.0,2,4780,买盘
250,09:51:31,23.97,0.07,2,4787,买盘
251,09:51:37,23.97,0.0,2,4794,买盘
252,09:51:46,23.95,-0.02,2,4790,中性盘
253,09:51:49,23.98,0.03,12,28768,买盘
254,09:51:52,23.98,0.0,1,2398,买盘
255,09:51:58,24.0,0.02,12,28788,买盘
256,09:52:04,24.0,0.0,19,45600,买盘
257,09:52:07,24.01,0.01,15,36015,买盘
258,09:52:13,24.01,0.0,4,9604,买盘
259,09:52:16,24.01,0.0,5,12005,买盘
260,09:52:22,24.01,0.0,3,7203,买盘
261,09:52:25,24.02,0.01,34,81668,买盘
262,09:52:31,24.02,0.0,15,36030,买盘
263,09:52:40,24.02,0.0,3,7206,卖盘
264,09:52:46,24.03,0.01,8,19224,买盘
265,09:52:49,24.02,-0.01,1,2402,卖盘
266,09:52:52,24.02,0.0,87,208974,卖盘
267,09:52:55,24.03,0.01,1,2403,买盘
268,09:52:58,24.02,-0.01,2,4804,卖盘
269,09:53:01,24.02,0.0,22,52844,买盘
270,09:53:04,24.03,0.01,26,62456,买盘
271,09:53:13,24.02,-0.01,1,2402,买盘
272,09:53:19,24.02,0.0,5,12010,卖盘
273,09:53:22,24.03,0.01,7,16816,买盘
274,09:53:28,24.03,0.0,1,2403,卖盘
275,09:53:34,24.02,-0.01,6,14412,买盘
276,09:54:13,24.02,0.0,5,12010,买盘
277,09:54:16,24.02,0.0,4,9608,买盘
278,09:54:22,24.0,-0.02,3,7202,卖盘
279,09:54:31,23.98,-0.02,2,4796,卖盘
280,09:54:34,23.98,0.0,1,2398,买盘
281,09:54:40,23.98,0.0,1,2398,买盘
282,09:54:58,23.98,0.0,1,2398,买盘
283,09:55:01,23.98,0.0,3,7194,买盘
284,09:55:13,23.98,0.0,5,11990,卖盘
285,09:55:31,24.0,0.02,4,9600,买盘
286,09:55:37,23.98,-0.02,5,11990,卖盘
287,09:55:46,24.0,0.02,1,2400,买盘
288,09:55:49,24.0,0.0,41,98400,买盘
289,09:55:55,24.0,0.0,21,50400,卖盘
290,09:56:04,24.05,0.05,39,93774,买盘
291,09:56:13,24.07,0.02,3,7221,买盘
292,09:56:25,24.07,0.0,5,12035,买盘
293,09:56:40,24.1,0.03,4,9640,买盘
294,09:56:58,24.09,-0.01,64,154077,买盘
295,09:57:01,24.09,0.0,4,9633,买盘
296,09:57:13,24.08,-0.01,2,4816,买盘
297,09:57:16,24.08,0.0,8,19264,买盘
298,09:57:34,24.05,-0.03,90,216470,卖盘
299,09:57:49,24.05,0.0,2,4810,买盘
300,09:57:58,24.05,0.0,1,2405,买盘
301,09:58:16,24.08,0.03,35,84255,买盘
302,09:58:31,24.08,0.0,4,9632,买盘
303,09:58:34,24.08,0.0,6,14448,买盘
304,09:58:40,24.08,0.0,27,65016,买盘
305,09:58:43,24.1,0.02,24,57838,买盘
306,09:58:46,24.1,0.0,4,9640,卖盘
307,09:58:49,24.1,0.0,10,24100,卖盘
308,09:58:55,24.11,0.01,11,26521,买盘
309,09:58:58,24.13,0.02,5,12062,买盘
310,09:59:16,24.15,0.02,21,50702,买盘
311,09:59:34,24.16,0.01,4,9664,卖盘
312,09:59:40,24.16,0.0,2,4832,卖盘
313,09:59:46,24.2,0.04,50,120949,买盘
314,09:59:52,24.2,0.0,15,36288,买盘
315,09:59:58,24.2,0.0,15,36300,买盘
316,10:00:01,24.2,0.0,4,9680,买盘
317,10:00:04,24.19,-0.01,5,12095,卖盘
318,10:00:07,24.2,0.01,5,12100,买盘
319,10:00:10,24.2,0.0,6,14520,买盘
320,10:00:13,24.22,0.02,1,2422,买盘
321,10:00:22,24.24,0.02,21,50879,买盘
322,10:00:25,24.25,0.01,11,26664,买盘
323,10:00:31,24.25,0.0,12,29072,买盘
324,10:00:37,24.23,-0.02,4,9692,卖盘
325,10:00:40,24.24,0.01,2,4848,买盘
326,10:00:43,24.27,0.03,22,53380,买盘
327,10:00:49,24.25,-0.02,10,24250,中性盘
328,10:00:52,24.23,-0.02,28,67858,卖盘
329,10:00:55,24.23,0.0,14,33922,买盘
330,10:01:01,24.25,0.02,34,82383,买盘
331,10:01:04,24.25,0.0,3,7275,买盘
332,10:01:13,24.24,-0.01,1,2424,卖盘
333,10:01:16,24.24,0.0,8,19392,卖盘
334,10:01:25,24.25,0.01,46,111512,买盘
335,10:01:31,24.23,-0.02,5,12115,卖盘
336,10:01:34,24.23,0.0,4,9692,卖盘
337,10:01:37,24.22,-0.01,4,9688,卖盘
338,10:01:43,24.25,0.03,60,145474,买盘
339,10:01:46,24.25,0.0,21,50853,买盘
340,10:01:55,24.25,0.0,25,60625,卖盘
341,10:02:01,24.25,0.0,14,33964,买盘
342,10:02:07,24.27,0.02,2,4854,买盘
343,10:02:13,24.26,-0.01,1,2426,卖盘
344,10:02:16,24.26,0.0,1,2426,买盘
345,10:02:22,24.27,0.01,50,121329,买盘
346,10:02:25,24.25,-0.02,2,4850,卖盘
347,10:02:34,24.27,0.02,9,21839,买盘
348,10:02:43,24.26,-0.01,13,31538,卖盘
349,10:02:52,24.26,0.0,2,4852,卖盘
350,10:02:55,24.26,0.0,13,31549,卖盘
351,10:02:58,24.26,0.0,3,7278,卖盘
352,10:03:01,24.28,0.02,166,402863,买盘
353,10:03:04,24.24,-0.04,4,9696,卖盘
354,10:03:07,24.24,0.0,9,21816,买盘
355,10:03:10,24.25,0.01,3,7275,卖盘
356,10:03:16,24.26,0.01,17,41225,买盘
357,10:03:37,24.24,-0.02,5,12120,卖盘
358,10:03:40,24.25,0.01,1,2425,买盘
359,10:03:52,24.24,-0.01,1,2424,卖盘
360,10:03:58,24.24,0.0,1,2424,卖盘
361,10:04:01,24.24,0.0,7,16968,买盘
362,10:04:13,24.24,0.0,2,4848,买盘
363,10:04:19,24.24,0.0,16,38784,买盘
364,10:04:31,24.25,0.01,10,24250,买盘
365,10:04:37,24.24,-0.01,30,72720,卖盘
366,10:04:43,24.24,0.0,13,31512,买盘
367,10:04:46,24.23,-0.01,2,4846,卖盘
368,10:05:13,24.24,0.01,4,9693,买盘
369,10:05:40,24.24,0.0,5,12120,买盘
370,10:05:52,24.24,0.0,24,58176,买盘
371,10:05:58,24.26,0.02,69,167327,买盘
372,10:06:01,24.24,-0.02,38,92112,卖盘
373,10:06:04,24.26,0.02,1,2426,买盘
374,10:06:07,24.28,0.02,3,7280,买盘
375,10:06:13,24.28,0.0,23,55844,买盘
376,10:06:16,24.3,0.02,63,152992,买盘
377,10:06:19,24.3,0.0,36,87480,买盘
378,10:06:25,24.32,0.02,4,9728,买盘
379,10:06:28,24.34,0.02,10,24340,买盘
380,10:06:37,24.35,0.01,5,12175,买盘
381,10:06:43,24.35,0.0,1,2435,买盘
382,10:06:49,24.35,0.0,1,2435,买盘
383,10:06:55,24.35,0.0,7,17045,买盘
384,10:06:58,24.35,0.0,4,9740,卖盘
385,10:07:10,24.35,0.0,3,7305,卖盘
386,10:07:13,24.36,0.01,3,7308,卖盘
387,10:07:16,24.38,0.02,46,112124,买盘
388,10:07:19,24.38,0.0,1,2438,卖盘
389,10:07:22,24.38,0.0,6,14628,卖盘
390,10:07:25,24.35,-0.03,46,112093,卖盘
391,10:07:31,24.35,0.0,7,17044,买盘
392,10:07:40,24.35,0.0,10,24350,买盘
393,10:07:46,24.35,0.0,14,34090,买盘
394,10:07:52,24.34,-0.01,6,14609,卖盘
395,10:07:55,24.34,0.0,9,21906,卖盘
396,10:07:58,24.34,0.0,7,17038,卖盘
397,10:08:25,24.34,0.0,37,90058,买盘
398,10:08:34,24.34,0.0,3,7302,卖盘
399,10:08:43,24.35,0.01,3,7305,买盘
400,10:08:46,24.34,-0.01,2,4868,卖盘
401,10:08:49,24.34,0.0,25,60850,卖盘
402,10:08:58,24.31,-0.03,3,7293,卖盘
403,10:09:07,24.31,0.0,4,9724,卖盘
404,10:09:10,24.34,0.03,2,4868,买盘
405,10:09:16,24.31,-0.03,1,2431,卖盘
406,10:09:37,24.32,0.01,3,7296,中性盘
407,10:09:46,24.32,0.0,10,24315,买盘
408,10:09:49,24.33,0.01,10,24323,买盘
409,10:09:58,24.33,0.0,20,48655,买盘
410,10:10:04,24.31,-0.02,5,12155,卖盘
411,10:10:07,24.31,0.0,2,4862,卖盘
412,10:10:25,24.31,0.0,73,177469,卖盘
413,10:10:28,24.33,0.02,1,2433,买盘
414,10:10:40,24.31,-0.02,5,12155,卖盘
415,10:10:49,24.31,0.0,9,21879,买盘
416,10:10:52,24.3,-0.01,4,9720,卖盘
417,10:11:10,24.25,-0.05,28,67944,卖盘
418,10:11:16,24.26,0.01,6,14556,买盘
419,10:11:19,24.31,0.05,13,31591,买盘
420,10:11:22,24.31,0.0,13,31603,买盘
421,10:11:28,24.25,-0.06,8,19400,卖盘
422,10:11:52,24.29,0.04,1,2429,买盘
423,10:11:55,24.28,-0.01,15,36421,卖盘
424,10:11:58,24.28,0.0,1,2428,买盘
425,10:12:01,24.28,0.0,1,2428,买盘
426,10:12:07,24.3,0.02,2,4860,卖盘
427,10:12:10,24.3,0.0,3,7290,卖盘
428,10:12:16,24.3,0.0,4,9720,卖盘
429,10:12:22,24.3,0.0,1,2430,买盘
430,10:12:28,24.3,0.0,10,24300,卖盘
431,10:12:31,24.3,0.0,2,4860,卖盘
432,10:12:43,24.3,0.0,1,2430,买盘
433,10:12:46,24.29,-0.01,15,36442,卖盘
434,10:12:55,24.31,0.02,3,7291,买盘
435,10:12:58,24.29,-0.02,14,34006,卖盘
436,10:13:04,24.3,0.01,2,4860,中性盘
437,10:13:07,24.3,0.0,4,9720,卖盘
438,10:13:10,24.3,0.0,1,2430,买盘
439,10:13:13,24.3,0.0,9,21870,买盘
440,10:13:16,24.3,0.0,2,4860,买盘
441,10:13:25,24.3,0.0,6,14580,买盘
442,10:13:34,24.29,-0.01,10,24298,卖盘
443,10:13:37,24.3,0.01,2,4860,买盘
444,10:13:43,24.29,-0.01,1,2429,卖盘
445,10:13:46,24.29,0.0,2,4858,买盘
446,10:13:49,24.31,0.02,30,72919,买盘
447,10:13:52,24.3,-0.01,1,2430,卖盘
448,10:13:55,24.3,0.0,9,21873,卖盘
449,10:13:58,24.31,0.01,2,4862,买盘
450,10:14:07,24.31,0.0,13,31603,买盘
451,10:14:10,24.3,-0.01,11,26737,卖盘
452,10:14:13,24.3,0.0,20,48600,买盘
453,10:14:16,24.3,0.0,4,9720,买盘
454,10:14:19,24.3,0.0,2,4860,买盘
455,10:14:28,24.3,0.0,8,19440,买盘
456,10:14:34,24.3,0.0,1,2430,买盘
457,10:14:40,24.29,-0.01,1,2429,卖盘
458,10:14:43,24.3,0.01,10,24299,买盘
459,10:14:46,24.29,-0.01,2,4859,中性盘
460,10:14:49,24.3,0.01,2,4860,买盘
461,10:14:55,24.3,0.0,6,14580,买盘
462,10:14:58,24.3,0.0,2,4860,买盘
463,10:15:04,24.29,-0.01,1,2429,卖盘
464,10:15:22,24.28,-0.01,10,24280,卖盘
465,10:15:49,24.28,0.0,5,12140,买盘
466,10:15:52,24.28,0.0,1,2428,买盘
467,10:16:01,24.3,0.02,44,106893,买盘
468,10:16:04,24.3,0.0,5,12150,卖盘
469,10:16:16,24.31,0.01,3,7293,买盘
470,10:16:28,24.31,0.0,1,2431,买盘
471,10:16:31,24.31,0.0,5,12155,买盘
472,10:16:58,24.35,0.04,79,192136,买盘
473,10:17:07,24.38,0.03,41,99869,买盘
474,10:17:25,24.37,-0.01,6,14622,买盘
475,10:17:37,24.37,0.0,7,17059,买盘
476,10:17:49,24.37,0.0,4,9748,买盘
477,10:18:01,24.35,-0.02,6,14610,卖盘
478,10:18:10,24.35,0.0,2,4870,买盘
479,10:18:16,24.35,0.0,2,4870,卖盘
480,10:18:31,24.32,-0.03,28,68100,卖盘
481,10:19:16,24.33,0.01,2,4866,卖盘
482,10:19:25,24.33,0.0,1,2433,卖盘
483,10:19:28,24.34,0.01,1,2434,中性盘
484,10:19:40,24.34,0.0,1,2434,卖盘
485,10:19:43,24.33,-0.01,4,9732,卖盘
486,10:19:49,24.33,0.0,2,4866,卖盘
487,10:19:55,24.33,0.0,6,14598,卖盘
488,10:19:58,24.33,0.0,2,4866,卖盘
489,10:20:04,24.33,0.0,5,12165,卖盘
490,10:20:16,24.32,-0.01,28,68099,卖盘
491,10:20:19,24.31,-0.01,13,31603,卖盘
492,10:20:31,24.3,-0.01,5,12150,买盘
493,10:21:10,24.28,-0.02,1,2428,卖盘
494,10:21:58,24.29,0.01,1,2429,买盘
495,10:22:40,24.29,0.0,1,2429,买盘
496,10:23:01,24.28,-0.01,5,12140,卖盘
497,10:23:07,24.28,0.0,1,2428,买盘
498,10:23:10,24.25,-0.03,55,133420,卖盘
499,10:23:31,24.24,-0.01,89,215745,卖盘
500,10:23:37,24.21,-0.03,1,2421,卖盘
501,10:23:46,24.23,0.02,4,9692,买盘
502,10:23:52,24.21,-0.02,6,14526,卖盘
503,10:23:58,24.22,0.01,13,31484,买盘
504,10:24:10,24.19,-0.03,13,31457,卖盘
505,10:24:16,24.21,0.02,20,48418,买盘
506,10:24:22,24.19,-0.02,1,2419,买盘
507,10:24:43,24.18,-0.01,8,19349,卖盘
508,10:24:49,24.18,0.0,4,9672,买盘
509,10:24:55,24.18,0.0,1,2418,买盘
510,10:25:07,24.18,0.0,32,77373,买盘
511,10:25:28,24.18,0.0,21,50779,卖盘
512,10:25:40,24.18,0.0,19,45982,卖盘
513,10:25:43,24.18,0.0,10,24180,买盘
514,10:25:49,24.18,0.0,7,16926,买盘
515,10:26:04,24.18,0.0,20,48360,买盘
516,10:26:13,24.17,-0.01,18,43506,卖盘
517,10:26:16,24.18,0.01,1,2418,买盘
518,10:26:19,24.17,-0.01,2,4834,卖盘
519,10:26:25,24.17,0.0,5,12085,卖盘
520,10:26:49,24.17,0.0,4,9668,买盘
521,10:26:55,24.17,0.0,10,24170,买盘
522,10:26:58,24.16,-0.01,1,2416,卖盘
523,10:27:01,24.17,0.01,13,31421,买盘
524,10:27:04,24.17,0.0,3,7251,买盘
525,10:27:21,24.17,0.0,71,171608,卖盘
526,10:27:25,24.18,0.01,8,19344,买盘
527,10:27:31,24.18,0.0,45,108810,买盘
528,10:27:34,24.18,0.0,3,7254,买盘
529,10:27:37,24.18,0.0,6,14508,买盘
530,10:27:40,24.18,0.0,2,4836,买盘
531,10:27:49,24.18,0.0,20,48360,买盘
532,10:27:52,24.18,0.0,13,31434,买盘
533,10:27:55,24.18,0.0,5,12090,买盘
534,10:28:01,24.18,0.0,42,101556,买盘
535,10:28:04,24.18,0.0,20,48360,卖盘
536,10:28:13,24.22,0.04,12,29052,买盘
537,10:28:22,24.22,0.0,4,9688,买盘
538,10:28:39,24.23,0.01,1,2423,买盘
539,10:28:46,24.23,0.0,1,2423,卖盘
540,10:28:49,24.23,0.0,3,7269,卖盘
541,10:28:55,24.23,0.0,4,9692,买盘
542,10:29:10,24.23,0.0,21,50888,卖盘
543,10:29:13,24.23,0.0,1,2423,买盘
544,10:30:07,24.23,0.0,2,4846,买盘
545,10:30:13,24.21,-0.02,5,12105,卖盘
546,10:30:16,24.23,0.02,2,4846,买盘
547,10:30:28,24.23,0.0,2,4846,买盘
548,10:30:43,24.24,0.01,1,2424,买盘
549,10:30:46,24.24,0.0,21,50904,买盘
550,10:30:49,24.23,-0.01,18,43631,卖盘
551,10:30:55,24.22,-0.01,6,14532,买盘
552,10:31:05,24.24,0.02,19,46056,买盘
553,10:31:10,24.24,0.0,20,48480,买盘
554,10:31:13,24.24,0.0,2,4848,买盘
555,10:31:16,24.24,0.0,1,2424,买盘
556,10:31:25,24.24,0.0,126,305424,买盘
557,10:31:31,24.24,0.0,30,72746,卖盘
558,10:31:46,24.28,0.04,16,38848,买盘
559,10:31:55,24.29,0.01,52,126266,买盘
560,10:32:07,24.31,0.02,8,19448,买盘
561,10:32:10,24.31,0.0,1,2431,买盘
562,10:32:16,24.33,0.02,4,9732,买盘
563,10:32:22,24.34,0.01,1,2434,买盘
564,10:32:34,24.36,0.02,16,38962,买盘
565,10:32:55,24.37,0.01,10,24370,买盘
566,10:32:58,24.36,-0.01,2,4872,卖盘
567,10:33:01,24.37,0.01,7,17059,买盘
568,10:33:13,24.37,0.0,3,7311,卖盘
569,10:33:16,24.37,0.0,9,21933,卖盘
570,10:33:28,24.36,-0.01,1,2436,卖盘
571,10:33:52,24.36,0.0,32,77952,卖盘
572,10:34:04,24.36,0.0,37,90132,卖盘
573,10:34:07,24.36,0.0,1,2436,买盘
574,10:34:10,24.35,-0.01,1,2435,卖盘
575,10:34:31,24.32,-0.03,100,243200,卖盘
576,10:34:40,24.32,0.0,3,7296,卖盘
577,10:34:43,24.32,0.0,5,12160,买盘
578,10:34:46,24.35,0.03,7,17036,买盘
579,10:35:25,24.34,-0.01,10,24340,买盘
580,10:35:52,24.34,0.0,14,34076,买盘
581,10:35:55,24.34,0.0,3,7302,买盘
582,10:36:04,24.31,-0.03,10,24310,卖盘
583,10:36:25,24.34,0.03,2,4868,买盘
584,10:36:37,24.31,-0.03,6,14586,卖盘
585,10:37:01,24.33,0.02,5,12165,买盘
586,10:37:19,24.33,0.0,10,24330,买盘
587,10:37:31,24.34,0.01,6,14604,买盘
588,10:37:34,24.33,-0.01,8,19464,卖盘
589,10:37:37,24.31,-0.02,6,14586,卖盘
590,10:37:52,24.33,0.02,3,7299,买盘
591,10:37:55,24.31,-0.02,4,9724,卖盘
592,10:38:13,24.33,0.02,2,4866,买盘
593,10:38:19,24.3,-0.03,10,24300,卖盘
594,10:38:22,24.33,0.03,8,19462,买盘
595,10:38:31,24.32,-0.01,2,4864,买盘
596,10:38:43,24.32,0.0,9,21888,买盘
597,10:38:58,24.32,0.0,14,34048,买盘
598,10:39:04,24.32,0.0,1,2432,买盘
599,10:39:13,24.34,0.02,6,14602,买盘
600,10:39:25,24.32,-0.02,2,4864,卖盘
601,10:39:46,24.31,-0.01,7,17017,卖盘
602,10:40:31,24.3,-0.01,3,7290,卖盘
603,10:40:49,24.29,-0.01,1,2429,卖盘
604,10:40:52,24.29,0.0,1,2429,卖盘
605,10:40:58,24.29,0.0,3,7287,卖盘
606,10:41:04,24.29,0.0,10,24290,卖盘
607,10:41:10,24.29,0.0,3,7287,卖盘
608,10:41:13,24.29,0.0,11,26719,卖盘
609,10:42:01,24.25,-0.04,1,2425,卖盘
610,10:42:04,24.25,0.0,5,12125,卖盘
611,10:43:07,24.28,0.03,1,2428,买盘
612,10:43:22,24.29,0.01,36,87434,买盘
613,10:43:31,24.28,-0.01,8,19431,卖盘
614,10:43:52,24.3,0.02,2,4860,买盘
615,10:44:07,24.29,-0.01,5,12145,买盘
616,10:44:10,24.3,0.01,9,21870,买盘
617,10:44:16,24.3,0.0,10,24300,买盘
618,10:44:21,24.3,0.0,1,2430,买盘
619,10:44:34,24.3,0.0,1,2430,卖盘
620,10:44:37,24.3,0.0,1,2430,卖盘
621,10:44:40,24.31,0.01,20,48612,买盘
622,10:45:01,24.31,0.0,2,4861,买盘
623,10:45:19,24.3,-0.01,6,14580,卖盘
624,10:45:37,24.29,-0.01,2,4858,卖盘
625,10:46:07,24.27,-0.02,5,12135,卖盘
626,10:46:16,24.27,0.0,1,2427,卖盘
627,10:46:28,24.29,0.02,2,4858,买盘
628,10:46:46,24.29,0.0,52,126308,卖盘
629,10:47:07,24.27,-0.02,2,4854,卖盘
630,10:47:25,24.26,-0.01,7,16982,卖盘
631,10:47:28,24.26,0.0,3,7278,卖盘
632,10:47:34,24.25,-0.01,1,2425,卖盘
633,10:47:37,24.26,0.01,22,53372,买盘
634,10:47:42,24.26,0.0,5,12130,买盘
635,10:47:46,24.26,0.0,6,14556,买盘
636,10:47:51,24.25,-0.01,1,2425,卖盘
637,10:48:04,24.2,-0.05,67,162339,卖盘
638,10:48:09,24.2,0.0,25,60500,买盘
639,10:48:16,24.2,0.0,9,21780,买盘
640,10:48:22,24.2,0.0,2,4840,买盘
641,10:49:13,24.2,0.0,1,2420,卖盘
642,10:49:40,24.2,0.0,17,41140,卖盘
643,10:49:52,24.2,0.0,2,4840,卖盘
644,10:50:04,24.26,0.06,13,31486,买盘
645,10:50:31,24.26,0.0,20,48520,买盘
646,10:50:34,24.26,0.0,6,14556,买盘
647,10:50:37,24.29,0.03,1,2429,买盘
648,10:50:40,24.26,-0.03,4,9704,卖盘
649,10:50:46,24.25,-0.01,10,24250,买盘
650,10:50:49,24.25,0.0,26,63050,买盘
651,10:50:58,24.25,0.0,11,26675,买盘
652,10:51:01,24.29,0.04,2,4858,买盘
653,10:51:13,24.25,-0.04,6,14559,卖盘
654,10:51:19,24.25,0.0,7,16975,买盘
655,10:51:28,24.28,0.03,7,16996,买盘
656,10:51:34,24.25,-0.03,10,24250,卖盘
657,10:51:40,24.28,0.03,15,36420,买盘
658,10:52:40,24.25,-0.03,2,4850,卖盘
659,10:53:46,24.25,0.0,7,16975,卖盘
660,10:54:04,24.26,0.01,5,12130,买盘
661,10:54:07,24.25,-0.01,2,4850,卖盘
662,10:54:10,24.25,0.0,5,12125,卖盘
663,10:54:13,24.25,0.0,3,7277,卖盘
664,10:54:19,24.25,0.0,2,4850,卖盘
665,10:56:10,24.23,-0.02,1,2423,卖盘
666,10:56:16,24.23,0.0,3,7269,中性盘
667,10:56:43,24.2,-0.03,37,89582,卖盘
668,10:56:58,24.21,0.01,1,2421,卖盘
669,10:57:10,24.21,0.0,1,2421,卖盘
670,10:57:22,24.23,0.02,2,4846,买盘
671,10:57:31,24.23,0.0,5,12115,买盘
672,10:57:33,24.23,0.0,4,9692,买盘
673,10:58:40,24.21,-0.02,1,2421,卖盘
674,10:58:49,24.21,0.0,2,4842,卖盘
675,10:58:52,24.23,0.02,2,4846,买盘
676,10:58:55,24.23,0.0,2,4846,买盘
677,10:58:58,24.23,0.0,9,21807,买盘
678,10:59:28,24.25,0.02,34,82406,买盘
679,11:00:13,24.23,-0.02,6,14538,卖盘
680,11:00:25,24.23,0.0,6,14538,卖盘
681,11:00:54,24.23,0.0,2,4846,卖盘
682,11:02:40,24.23,0.0,7,16961,买盘
683,11:03:49,24.26,0.03,17,41242,买盘
684,11:04:16,24.26,0.0,4,9704,买盘
685,11:04:25,24.24,-0.02,4,9696,卖盘
686,11:04:34,24.29,0.05,135,327855,买盘
687,11:04:58,24.29,0.0,10,24290,买盘
688,11:05:01,24.29,0.0,9,21861,买盘
689,11:05:04,24.29,0.0,158,383782,买盘
690,11:05:10,24.3,0.01,7,17010,买盘
691,11:05:13,24.3,0.0,2,4860,买盘
692,11:05:19,24.3,0.0,1,2430,买盘
693,11:05:34,24.31,0.01,6,14586,买盘
694,11:05:49,24.33,0.02,6,14598,买盘
695,11:06:01,24.33,0.0,5,12165,买盘
696,11:06:10,24.33,0.0,3,7299,买盘
697,11:06:19,24.31,-0.02,1,2431,卖盘
698,11:06:37,24.32,0.01,13,31616,卖盘
699,11:06:40,24.33,0.01,16,38928,买盘
700,11:06:43,24.33,0.0,14,34062,卖盘
701,11:07:00,24.34,0.01,2,4868,买盘
702,11:07:04,24.34,0.0,52,126500,买盘
703,11:07:31,24.34,0.0,7,17033,买盘
704,11:07:37,24.34,0.0,12,29208,卖盘
705,11:07:43,24.34,0.0,3,7302,卖盘
706,11:07:49,24.34,0.0,1,2434,买盘
707,11:08:25,24.34,0.0,18,43812,买盘
708,11:08:46,24.34,0.0,1,2434,买盘
709,11:09:07,24.34,0.0,5,12170,买盘
710,11:10:01,24.31,-0.03,7,17017,卖盘
711,11:10:04,24.31,0.0,1,2431,卖盘
712,11:10:16,24.31,0.0,2,4862,卖盘
713,11:10:33,24.31,0.0,8,19448,卖盘
714,11:10:43,24.31,0.0,11,26741,卖盘
715,11:11:43,24.28,-0.03,23,55845,卖盘
716,11:12:10,24.25,-0.03,10,24252,卖盘
717,11:12:13,24.28,0.03,3,7284,买盘
718,11:12:30,24.25,-0.03,1,2425,卖盘
719,11:12:52,24.25,0.0,6,14550,卖盘
720,11:13:04,24.23,-0.02,5,12115,卖盘
721,11:13:12,24.23,0.0,4,9692,卖盘
722,11:13:33,24.2,-0.03,30,72651,卖盘
723,11:14:04,24.2,0.0,44,106486,卖盘
724,11:14:40,24.2,0.0,7,16940,买盘
725,11:14:55,24.21,0.01,2,4842,卖盘
726,11:15:31,24.24,0.03,3,7272,买盘
727,11:15:48,24.25,0.01,3,7275,买盘
728,11:15:51,24.25,0.0,10,24250,买盘
729,11:16:10,24.25,0.0,38,92150,买盘
730,11:16:13,24.25,0.0,100,242500,买盘
731,11:16:19,24.24,-0.01,2,4849,卖盘
732,11:16:22,24.25,0.01,3,7275,买盘
733,11:16:28,24.25,0.0,20,48500,买盘
734,11:16:31,24.25,0.0,2,4850,买盘
735,11:16:34,24.25,0.0,1,2425,买盘
736,11:16:37,24.25,0.0,2,4850,买盘
737,11:16:40,24.25,0.0,30,72750,买盘
738,11:16:46,24.25,0.0,1,2425,买盘
739,11:16:49,24.25,0.0,10,24250,买盘
740,11:16:52,24.25,0.0,33,80025,买盘
741,11:17:28,24.31,0.06,5,12155,买盘
742,11:17:31,24.31,0.0,1,2431,买盘
743,11:17:37,24.32,0.01,9,21881,买盘
744,11:17:48,24.33,0.01,22,53523,买盘
745,11:18:07,24.34,0.01,9,21898,买盘
746,11:18:16,24.34,0.0,1,2434,卖盘
747,11:18:34,24.34,0.0,11,26774,卖盘
748,11:18:58,24.34,0.0,5,12170,买盘
749,11:20:04,24.34,0.0,5,12170,买盘
750,11:20:07,24.33,-0.01,8,19464,卖盘
751,11:20:19,24.32,-0.01,3,7296,卖盘
752,11:21:01,24.31,-0.01,6,14586,卖盘
753,11:21:16,24.32,0.01,1,2432,买盘
754,11:21:33,24.31,-0.01,7,17017,卖盘
755,11:21:49,24.32,0.01,16,38912,买盘
756,11:22:13,24.32,0.0,4,9728,买盘
757,11:22:28,24.32,0.0,5,12160,买盘
758,11:24:09,24.31,-0.01,21,51051,卖盘
759,11:24:13,24.32,0.01,9,21880,买盘
760,11:24:43,24.31,-0.01,1,2431,买盘
761,11:24:55,24.32,0.01,5,12160,买盘
762,11:25:04,24.32,0.0,5,12160,买盘
763,11:25:13,24.33,0.01,163,396579,买盘
764,11:25:16,24.34,0.01,2,4868,买盘
765,11:25:19,24.34,0.0,3,7302,买盘
766,11:25:28,24.35,0.01,11,26785,买盘
767,11:25:34,24.35,0.0,34,82790,买盘
768,11:25:46,24.36,0.01,7,17052,买盘
769,11:25:49,24.36,0.0,6,14613,买盘
770,11:25:55,24.37,0.01,20,48740,买盘
771,11:26:01,24.38,0.01,14,34128,买盘
772,11:26:04,24.4,0.02,64,156082,买盘
773,11:26:16,24.43,0.03,15,36645,买盘
774,11:26:19,24.43,0.0,15,36615,买盘
775,11:26:28,24.43,0.0,3,7329,买盘
776,11:26:31,24.43,0.0,4,9772,买盘
777,11:26:33,24.45,0.02,15,36674,买盘
778,11:26:40,24.45,0.0,18,43990,买盘
779,11:26:43,24.46,0.01,9,22006,买盘
780,11:26:49,24.46,0.0,5,12230,买盘
781,11:26:52,24.46,0.0,6,14676,买盘
782,11:26:55,24.46,0.0,2,4892,买盘
783,11:26:58,24.46,0.0,8,19568,买盘
784,11:27:01,24.46,0.0,2,4892,买盘
785,11:27:04,24.46,0.0,2,4892,买盘
786,11:27:19,24.46,0.0,4,9784,卖盘
787,11:27:22,24.48,0.02,19,46503,买盘
788,11:27:28,24.46,-0.02,11,26906,卖盘
789,11:27:34,24.46,0.0,4,9784,卖盘
790,11:27:40,24.45,-0.01,8,19560,买盘
791,11:27:55,24.45,0.0,1,2445,买盘
792,11:27:57,24.43,-0.02,10,24430,卖盘
793,11:28:01,24.43,0.0,6,14662,卖盘
794,11:28:07,24.43,0.0,6,14658,卖盘
795,11:28:13,24.45,0.02,76,185820,买盘
796,11:28:19,24.45,0.0,1,2445,买盘
797,11:28:22,24.43,-0.02,2,4886,卖盘
798,11:28:34,24.43,0.0,2,4886,卖盘
799,11:28:46,24.43,0.0,10,24430,卖盘
800,11:29:01,24.45,0.02,48,117329,买盘
801,11:29:12,24.44,-0.01,5,12220,卖盘
802,11:29:16,24.44,0.0,5,12220,卖盘
803,11:29:19,24.46,0.02,105,256737,买盘
804,11:29:22,24.4,-0.06,32,78156,卖盘
805,11:29:27,24.4,0.0,2,4880,买盘
806,11:29:46,24.36,-0.04,20,48729,卖盘
807,11:29:49,24.4,0.04,6,14640,买盘
808,13:00:04,24.46,0.06,20,48916,买盘
809,13:00:07,24.46,0.0,66,161435,买盘
810,13:00:10,24.45,-0.01,23,56237,卖盘
811,13:00:13,24.46,0.01,19,46474,买盘
812,13:00:18,24.46,0.0,1,2446,买盘
813,13:00:22,24.46,0.0,1,2446,买盘
814,13:00:28,24.46,0.0,21,51346,买盘
815,13:00:52,24.45,-0.01,20,48900,卖盘
816,13:00:58,24.46,0.01,17,41582,买盘
817,13:01:07,24.48,0.02,30,73416,买盘
818,13:01:10,24.45,-0.03,37,90477,卖盘
819,13:01:28,24.44,-0.01,1,2444,买盘
820,13:01:52,24.43,-0.01,5,12215,卖盘
821,13:01:58,24.43,0.0,1,2443,卖盘
822,13:02:07,24.41,-0.02,7,17100,卖盘
823,13:02:13,24.43,0.02,2,4886,卖盘
824,13:02:40,24.43,0.0,3,7329,卖盘
825,13:02:58,24.43,0.0,4,9772,卖盘
826,13:03:16,24.42,-0.01,2,4884,买盘
827,13:03:33,24.42,0.0,2,4884,买盘
828,13:04:13,24.42,0.0,4,9768,买盘
829,13:04:57,24.41,-0.01,5,12206,卖盘
830,13:05:28,24.41,0.0,5,12205,卖盘
831,13:05:40,24.41,0.0,5,12205,卖盘
832,13:05:49,24.41,0.0,12,29292,卖盘
833,13:05:58,24.4,-0.01,4,9760,卖盘
834,13:06:04,24.4,0.0,3,7320,卖盘
835,13:06:09,24.4,0.0,4,9760,卖盘
836,13:06:15,24.4,0.0,3,7320,卖盘
837,13:06:36,24.4,0.0,10,24400,卖盘
838,13:06:45,24.4,0.0,1,2440,卖盘
839,13:06:51,24.4,0.0,2,4880,卖盘
840,13:06:55,24.4,0.0,1,2440,卖盘
841,13:07:07,24.41,0.01,65,158665,买盘
842,13:07:10,24.41,0.0,4,9764,卖盘
843,13:07:31,24.42,0.01,3,7326,买盘
844,13:07:37,24.41,-0.01,27,65922,卖盘
845,13:07:40,24.41,0.0,6,14646,买盘
846,13:08:10,24.4,-0.01,4,9760,卖盘
847,13:08:42,24.4,0.0,3,7320,卖盘
848,13:08:52,24.37,-0.03,9,21933,卖盘
849,13:09:07,24.41,0.04,1,2441,买盘
850,13:09:28,24.4,-0.01,4,9760,买盘
851,13:09:52,24.41,0.01,63,153783,买盘
852,13:10:07,24.41,0.0,14,34174,买盘
853,13:10:10,24.41,0.0,4,9764,卖盘
854,13:10:33,24.43,0.02,5,12215,买盘
855,13:10:40,24.43,0.0,4,9772,卖盘
856,13:10:57,24.44,0.01,40,97760,买盘
857,13:11:04,24.44,0.0,2,4888,卖盘
858,13:11:07,24.41,-0.03,44,107457,卖盘
859,13:11:19,24.44,0.03,1,2444,买盘
860,13:11:58,24.42,-0.02,3,7326,卖盘
861,13:12:07,24.42,0.0,3,7326,卖盘
862,13:12:28,24.42,0.0,10,24420,卖盘
863,13:12:31,24.42,0.0,2,4884,卖盘
864,13:12:46,24.42,0.0,1,2442,卖盘
865,13:12:49,24.42,0.0,1,2442,卖盘
866,13:12:55,24.42,0.0,1,2442,卖盘
867,13:12:58,24.42,0.0,2,4884,卖盘
868,13:13:10,24.41,-0.01,1,2441,卖盘
869,13:13:19,24.41,0.0,2,4882,卖盘
870,13:13:28,24.4,-0.01,6,14640,卖盘
871,13:13:31,24.4,0.0,2,4880,买盘
872,13:13:34,24.4,0.0,1,2440,卖盘
873,13:13:58,24.4,0.0,1,2440,卖盘
874,13:14:04,24.4,0.0,6,14640,卖盘
875,13:14:07,24.39,-0.01,2,4878,卖盘
876,13:14:10,24.38,-0.01,8,19504,卖盘
877,13:14:16,24.37,-0.01,2,4874,卖盘
878,13:14:19,24.37,0.0,2,4874,卖盘
879,13:14:25,24.37,0.0,1,2437,卖盘
880,13:14:36,24.37,0.0,8,19496,卖盘
881,13:15:04,24.37,0.0,4,9748,卖盘
882,13:15:25,24.38,0.01,16,39002,买盘
883,13:15:40,24.38,0.0,16,39002,买盘
884,13:16:04,24.36,-0.02,3,7308,卖盘
885,13:16:07,24.36,0.0,2,4872,卖盘
886,13:16:52,24.38,0.02,1,2438,买盘
887,13:17:04,24.37,-0.01,4,9748,卖盘
888,13:18:04,24.37,0.0,4,9748,卖盘
889,13:18:13,24.38,0.01,4,9752,卖盘
890,13:18:37,24.38,0.0,32,78032,卖盘
891,13:18:40,24.38,0.0,2,4876,买盘
892,13:19:04,24.42,0.04,18,43944,买盘
893,13:19:10,24.42,0.0,1,2442,卖盘
894,13:19:22,24.44,0.02,10,24435,买盘
895,13:19:31,24.44,0.0,20,48880,买盘
896,13:19:58,24.44,0.0,8,19552,买盘
897,13:20:10,24.44,0.0,1,2444,买盘
898,13:20:31,24.44,0.0,2,4888,买盘
899,13:20:37,24.44,0.0,20,48880,买盘
900,13:20:43,24.44,0.0,1,2444,卖盘
901,13:20:51,24.44,0.0,5,12220,卖盘
902,13:21:04,24.45,0.01,2,4890,买盘
903,13:21:07,24.44,-0.01,10,24440,卖盘
904,13:21:31,24.45,0.01,16,39120,买盘
905,13:21:37,24.45,0.0,5,12225,买盘
906,13:22:01,24.45,0.0,2,4890,买盘
907,13:22:04,24.44,-0.01,4,9776,卖盘
908,13:22:07,24.45,0.01,2,4890,买盘
909,13:22:22,24.44,-0.01,1,2444,卖盘
910,13:22:25,24.45,0.01,15,36675,买盘
911,13:22:34,24.45,0.0,5,12225,买盘
912,13:22:40,24.45,0.0,7,17115,买盘
913,13:23:00,24.45,0.0,8,19560,买盘
914,13:23:04,24.44,-0.01,2,4888,卖盘
915,13:23:13,24.45,0.01,10,24450,买盘
916,13:23:22,24.45,0.0,21,51345,买盘
917,13:23:28,24.45,0.0,28,68462,卖盘
918,13:23:31,24.45,0.0,4,9780,卖盘
919,13:23:40,24.46,0.01,1,2446,中性盘
920,13:24:04,24.46,0.0,5,12230,卖盘
921,13:24:07,24.46,0.0,7,17122,中性盘
922,13:24:16,24.46,0.0,13,31798,卖盘
923,13:24:31,24.45,-0.01,52,127140,卖盘
924,13:24:37,24.44,-0.01,1,2444,卖盘
925,13:25:04,24.42,-0.02,2,4884,卖盘
926,13:25:10,24.42,0.0,5,12210,买盘
927,13:25:13,24.42,0.0,2,4884,买盘
928,13:25:16,24.39,-0.03,1,2439,卖盘
929,13:25:31,24.4,0.01,2,4880,卖盘
930,13:25:37,24.42,0.02,1,2442,买盘
931,13:25:55,24.41,-0.01,1,2441,卖盘
932,13:26:04,24.4,-0.01,3,7320,卖盘
933,13:26:07,24.4,0.0,3,7320,卖盘
934,13:26:34,24.4,0.0,1,2440,买盘
935,13:27:04,24.4,0.0,6,14636,买盘
936,13:27:30,24.4,0.0,1,2440,买盘
937,13:27:34,24.4,0.0,1,2440,买盘
938,13:27:37,24.4,0.0,10,24400,买盘
939,13:27:43,24.4,0.0,6,14640,买盘
940,13:27:49,24.4,0.0,8,19520,买盘
941,13:27:55,24.39,-0.01,2,4878,卖盘
942,13:28:04,24.38,-0.01,4,9752,卖盘
943,13:28:07,24.39,0.01,3,7317,买盘
944,13:28:21,24.38,-0.01,6,14628,卖盘
945,13:28:24,24.38,0.0,1,2438,买盘
946,13:28:27,24.38,0.0,2,4876,买盘
947,13:28:31,24.38,0.0,24,58492,买盘
948,13:28:52,24.38,0.0,6,14628,卖盘
949,13:28:58,24.38,0.0,6,14628,买盘
950,13:29:04,24.37,-0.01,4,9748,卖盘
951,13:30:01,24.38,0.01,6,14628,卖盘
952,13:30:04,24.4,0.02,17,41472,买盘
953,13:30:10,24.4,0.0,6,14640,买盘
954,13:30:43,24.4,0.0,7,17080,买盘
955,13:30:52,24.4,0.0,6,14640,买盘
956,13:30:58,24.4,0.0,5,12200,买盘
957,13:31:01,24.4,0.0,5,12200,买盘
958,13:31:04,24.38,-0.02,4,9755,卖盘
959,13:31:10,24.4,0.02,3,7320,买盘
960,13:31:13,24.4,0.0,8,19520,买盘
961,13:31:52,24.39,-0.01,5,12195,卖盘
962,13:31:55,24.39,0.0,2,4878,卖盘
963,13:32:04,24.39,0.0,4,9756,卖盘
964,13:32:25,24.4,0.01,13,31720,买盘
965,13:32:28,24.39,-0.01,2,4878,卖盘
966,13:33:04,24.39,0.0,4,9756,卖盘
967,13:33:48,24.4,0.01,1,2440,买盘
968,13:34:04,24.39,-0.01,4,9756,卖盘
969,13:34:16,24.39,0.0,25,60977,卖盘
970,13:34:31,24.39,0.0,4,9756,买盘
971,13:34:39,24.4,0.01,5,12200,买盘
972,13:35:04,24.39,-0.01,2,4878,卖盘
973,13:35:07,24.39,0.0,1,2439,买盘
974,13:36:04,24.38,-0.01,4,9752,卖盘
975,13:36:19,24.38,0.0,5,12190,卖盘
976,13:36:52,24.39,0.01,2,4878,卖盘
977,13:37:04,24.39,0.0,2,4878,卖盘
978,13:37:25,24.38,-0.01,1,2438,卖盘
979,13:37:28,24.38,0.0,1,2438,卖盘
980,13:37:51,24.4,0.02,50,121996,买盘
981,13:38:04,24.38,-0.02,1,2438,卖盘
982,13:38:13,24.4,0.02,3,7320,买盘
983,13:38:15,24.38,-0.02,1,2438,卖盘
984,13:38:22,24.4,0.02,3,7320,买盘
985,13:38:28,24.4,0.0,1,2440,买盘
986,13:39:06,24.41,0.01,19,46374,买盘
987,13:39:34,24.44,0.03,5,12220,买盘
988,13:39:48,24.44,0.0,8,19552,买盘
989,13:40:09,24.46,0.02,12,29352,买盘
990,13:40:58,24.44,-0.02,1,2444,买盘
991,13:41:04,24.42,-0.02,3,7326,卖盘
992,13:41:37,24.41,-0.01,5,12205,卖盘
993,13:41:55,24.41,0.0,16,39056,卖盘
994,13:42:04,24.4,-0.01,4,9760,卖盘
995,13:42:25,24.38,-0.02,5,12190,卖盘
996,13:42:34,24.41,0.03,5,12205,买盘
997,13:43:04,24.39,-0.02,4,9756,卖盘
998,13:43:10,24.4,0.01,3,7320,卖盘
999,13:43:48,24.39,-0.01,7,17075,卖盘
1000,13:44:04,24.38,-0.01,4,9752,卖盘
1001,13:44:52,24.38,0.0,18,43884,卖盘
1002,13:45:04,24.38,0.0,4,9752,卖盘
1003,13:45:31,24.37,-0.01,13,31681,卖盘
1004,13:45:58,24.38,0.01,5,12190,买盘
1005,13:46:01,24.38,0.0,4,9752,买盘
1006,13:46:04,24.37,-0.01,4,9748,卖盘
1007,13:46:19,24.39,0.02,1,2439,买盘
1008,13:46:55,24.38,-0.01,7,17068,卖盘
1009,13:47:04,24.38,0.0,4,9752,卖盘
1010,13:47:07,24.38,0.0,1,2438,卖盘
1011,13:47:13,24.38,0.0,6,14628,卖盘
1012,13:47:34,24.37,-0.01,1,2437,卖盘
1013,13:47:36,24.38,0.01,3,7314,买盘
1014,13:47:49,24.37,-0.01,7,17059,卖盘
1015,13:48:04,24.37,0.0,4,9748,卖盘
1016,13:48:10,24.37,0.0,23,56051,卖盘
1017,13:48:33,24.36,-0.01,49,119364,卖盘
1018,13:48:40,24.36,0.0,10,24360,卖盘
1019,13:49:04,24.35,-0.01,4,9740,卖盘
1020,13:49:13,24.36,0.01,6,14616,买盘
1021,13:49:25,24.34,-0.02,5,12170,卖盘
1022,13:49:46,24.36,0.02,21,51156,买盘
1023,13:49:58,24.36,0.0,9,21924,卖盘
1024,13:50:13,24.37,0.01,4,9748,买盘
1025,13:50:24,24.36,-0.01,1,2436,卖盘
1026,13:50:28,24.37,0.01,16,38992,买盘
1027,13:51:01,24.37,0.0,10,24370,买盘
1028,13:51:37,24.37,0.0,1,2437,买盘
1029,13:52:04,24.36,-0.01,11,26796,卖盘
1030,13:52:39,24.36,0.0,49,119364,买盘
1031,13:53:19,24.37,0.01,28,68236,买盘
1032,13:54:19,24.37,0.0,1,2437,卖盘
1033,13:54:51,24.38,0.01,3,7312,买盘
1034,13:54:55,24.38,0.0,1,2438,买盘
1035,13:55:04,24.37,-0.01,4,9748,卖盘
1036,13:55:16,24.38,0.01,40,97509,买盘
1037,13:56:04,24.36,-0.02,4,9744,卖盘
1038,13:57:04,24.36,0.0,4,9744,卖盘
1039,13:57:07,24.37,0.01,10,24370,买盘
1040,13:57:25,24.37,0.0,7,17059,买盘
1041,13:57:46,24.36,-0.01,10,24367,卖盘
1042,13:58:22,24.38,0.02,1,2438,买盘
1043,13:58:25,24.38,0.0,100,243800,买盘
1044,13:58:31,24.38,0.0,6,14628,买盘
1045,13:58:45,24.39,0.01,1,2439,买盘
1046,13:58:55,24.39,0.0,8,19512,买盘
1047,13:59:04,24.39,0.0,12,29268,买盘
1048,13:59:13,24.4,0.01,16,39040,买盘
1049,13:59:19,24.4,0.0,23,56120,买盘
1050,13:59:34,24.41,0.01,45,109845,买盘
1051,13:59:43,24.4,-0.01,3,7320,卖盘
1052,14:00:07,24.41,0.01,61,148901,买盘
1053,14:00:13,24.41,0.0,20,48820,买盘
1054,14:00:16,24.41,0.0,5,12205,买盘
1055,14:00:22,24.41,0.0,23,56143,买盘
1056,14:00:31,24.41,0.0,5,12205,卖盘
1057,14:00:33,24.41,0.0,35,85435,卖盘
1058,14:01:01,24.41,0.0,2,4882,卖盘
1059,14:01:07,24.42,0.01,1,2442,买盘
1060,14:01:13,24.42,0.0,3,7326,中性盘
1061,14:01:18,24.42,0.0,1,2442,买盘
1062,14:01:28,24.42,0.0,2,4884,卖盘
1063,14:02:10,24.42,0.0,2,4884,卖盘
1064,14:02:19,24.42,0.0,7,17094,卖盘
1065,14:02:40,24.41,-0.01,4,9764,卖盘
1066,14:03:04,24.41,0.0,4,9764,卖盘
1067,14:03:12,24.41,0.0,1,2441,卖盘
1068,14:03:16,24.41,0.0,4,9764,卖盘
1069,14:03:34,24.4,-0.01,30,73200,卖盘
1070,14:03:49,24.4,0.0,1,2440,卖盘
1071,14:03:55,24.4,0.0,6,14640,卖盘
1072,14:04:01,24.4,0.0,6,14641,卖盘
1073,14:04:04,24.4,0.0,4,9760,卖盘
1074,14:04:07,24.4,0.0,5,12200,卖盘
1075,14:04:10,24.4,0.0,7,17080,卖盘
1076,14:04:22,24.39,-0.01,4,9756,卖盘
1077,14:04:25,24.39,0.0,2,4878,卖盘
1078,14:04:28,24.4,0.01,3,7320,买盘
1079,14:04:55,24.39,-0.01,18,43902,卖盘
1080,14:05:04,24.39,0.0,4,9756,卖盘
1081,14:05:10,24.39,0.0,2,4878,卖盘
1082,14:05:19,24.39,0.0,21,51219,卖盘
1083,14:05:58,24.39,0.0,10,24390,卖盘
1084,14:06:04,24.39,0.0,4,9756,卖盘
1085,14:06:52,24.39,0.0,10,24390,卖盘
1086,14:06:58,24.39,0.0,4,9756,卖盘
1087,14:07:28,24.38,-0.01,1,2438,卖盘
1088,14:07:52,24.38,0.0,5,12190,卖盘
1089,14:07:58,24.38,0.0,1,2438,卖盘
1090,14:08:04,24.38,0.0,4,9752,卖盘
1091,14:08:10,24.38,0.0,9,21942,卖盘
1092,14:08:13,24.38,0.0,20,48760,卖盘
1093,14:08:19,24.38,0.0,1,2438,卖盘
1094,14:08:25,24.38,0.0,1,2438,买盘
1095,14:08:28,24.38,0.0,5,12190,卖盘
1096,14:08:31,24.37,-0.01,30,73124,卖盘
1097,14:09:04,24.38,0.01,8,19500,买盘
1098,14:09:07,24.38,0.0,6,14628,买盘
1099,14:09:10,24.39,0.01,6,14633,买盘
1100,14:09:13,24.39,0.0,2,4878,卖盘
1101,14:09:28,24.38,-0.01,1,2438,买盘
1102,14:09:55,24.37,-0.01,20,48740,卖盘
1103,14:10:04,24.37,0.0,2,4874,卖盘
1104,14:10:16,24.37,0.0,1,2437,买盘
1105,14:10:24,24.36,-0.01,30,73080,卖盘
1106,14:10:31,24.36,0.0,1,2436,卖盘
1107,14:10:37,24.36,0.0,5,12180,卖盘
1108,14:10:43,24.36,0.0,1,2436,买盘
1109,14:10:52,24.36,0.0,2,4872,买盘
1110,14:11:03,24.36,0.0,4,9744,卖盘
1111,14:11:34,24.36,0.0,20,48720,卖盘
1112,14:11:40,24.36,0.0,1,2436,卖盘
1113,14:12:04,24.37,0.01,9,21929,买盘
1114,14:12:10,24.35,-0.02,4,9740,卖盘
1115,14:12:16,24.35,0.0,7,17050,卖盘
1116,14:12:22,24.37,0.02,3,7311,买盘
1117,14:12:25,24.38,0.01,40,97497,买盘
1118,14:12:28,24.38,0.0,6,14628,卖盘
1119,14:12:58,24.38,0.0,10,24380,卖盘
1120,14:13:04,24.38,0.0,1,2438,卖盘
1121,14:13:25,24.38,0.0,9,21942,买盘
1122,14:13:36,24.38,0.0,1,2438,卖盘
1123,14:13:55,24.39,0.01,2,4878,买盘
1124,14:14:04,24.38,-0.01,7,17066,卖盘
1125,14:14:13,24.39,0.01,1,2439,买盘
1126,14:14:21,24.38,-0.01,12,29256,卖盘
1127,14:14:24,24.38,0.0,1,2438,买盘
1128,14:14:40,24.38,0.0,8,19504,买盘
1129,14:14:49,24.38,0.0,3,7314,卖盘
1130,14:15:04,24.38,0.0,9,21942,卖盘
1131,14:15:07,24.38,0.0,2,4876,卖盘
1132,14:15:13,24.39,0.01,1,2439,买盘
1133,14:15:31,24.39,0.0,4,9756,买盘
1134,14:15:39,24.4,0.01,22,53679,买盘
1135,14:15:49,24.41,0.01,10,24404,买盘
1136,14:16:01,24.45,0.04,50,122212,买盘
1137,14:16:31,24.45,0.0,8,19559,买盘
1138,14:16:40,24.45,0.0,10,24450,买盘
1139,14:16:49,24.45,0.0,1,2445,买盘
1140,14:16:54,24.46,0.01,9,22014,买盘
1141,14:17:01,24.46,0.0,1,2446,卖盘
1142,14:17:07,24.47,0.01,1,2447,买盘
1143,14:17:10,24.46,-0.01,5,12230,卖盘
1144,14:17:12,24.46,0.0,5,12230,卖盘
1145,14:17:18,24.45,-0.01,1,2445,卖盘
1146,14:17:22,24.45,0.0,1,2445,中性盘
1147,14:17:36,24.45,0.0,3,7334,买盘
1148,14:17:42,24.44,-0.01,4,9776,卖盘
1149,14:18:04,24.41,-0.03,4,9764,卖盘
1150,14:18:19,24.41,0.0,1,2441,卖盘
1151,14:18:22,24.39,-0.02,23,56097,卖盘
1152,14:18:36,24.38,-0.01,5,12190,卖盘
1153,14:18:46,24.37,-0.01,4,9748,卖盘
1154,14:19:04,24.37,0.0,4,9748,卖盘
1155,14:19:09,24.37,0.0,3,7311,卖盘
1156,14:19:15,24.37,0.0,2,4874,卖盘
1157,14:19:22,24.37,0.0,4,9748,卖盘
1158,14:19:31,24.37,0.0,27,65799,卖盘
1159,14:19:37,24.38,0.01,2,4876,买盘
1160,14:19:40,24.38,0.0,1,2438,买盘
1161,14:20:00,24.38,0.0,1,2438,买盘
1162,14:20:04,24.38,0.0,24,58508,买盘
1163,14:20:28,24.38,0.0,2,4876,卖盘
1164,14:21:04,24.38,0.0,3,7314,卖盘
1165,14:21:19,24.38,0.0,4,9752,买盘
1166,14:21:46,24.4,0.02,1,2440,买盘
1167,14:21:55,24.4,0.0,3,7319,买盘
1168,14:22:07,24.4,0.0,17,41480,买盘
1169,14:22:46,24.38,-0.02,3,7314,卖盘
1170,14:23:04,24.38,0.0,4,9752,卖盘
1171,14:23:22,24.38,0.0,26,63388,买盘
1172,14:23:46,24.37,-0.01,43,104791,卖盘
1173,14:24:04,24.37,0.0,39,95043,卖盘
1174,14:24:10,24.37,0.0,23,56051,卖盘
1175,14:24:54,24.36,-0.01,5,12180,卖盘
1176,14:25:01,24.37,0.01,18,43866,买盘
1177,14:25:04,24.36,-0.01,3,7308,卖盘
1178,14:25:07,24.36,0.0,5,12180,卖盘
1179,14:25:31,24.36,0.0,9,21924,卖盘
1180,14:25:37,24.35,-0.01,10,24350,卖盘
1181,14:26:01,24.35,0.0,50,121750,卖盘
1182,14:26:04,24.35,0.0,3,7305,卖盘
1183,14:26:16,24.34,-0.01,1,2434,卖盘
1184,14:26:28,24.34,0.0,10,24340,卖盘
1185,14:26:37,24.34,0.0,10,24340,卖盘
1186,14:26:40,24.34,0.0,3,7302,卖盘
1187,14:26:43,24.34,0.0,5,12170,卖盘
1188,14:26:46,24.34,0.0,4,9736,买盘
1189,14:26:49,24.34,0.0,3,7302,卖盘
1190,14:26:54,24.33,-0.01,1,2433,卖盘
1191,14:27:04,24.32,-0.01,3,7296,卖盘
1192,14:27:10,24.32,0.0,7,17024,卖盘
1193,14:27:16,24.32,0.0,19,46208,卖盘
1194,14:27:25,24.31,-0.01,5,12155,中性盘
1195,14:27:31,24.32,0.01,20,48621,买盘
1196,14:27:39,24.32,0.0,3,7296,买盘
1197,14:27:46,24.31,-0.01,2,4862,卖盘
1198,14:27:52,24.32,0.01,1,2432,买盘
1199,14:27:55,24.3,-0.02,30,72925,卖盘
1200,14:28:04,24.27,-0.03,3,7285,卖盘
1201,14:28:19,24.27,0.0,5,12135,卖盘
1202,14:28:37,24.27,0.0,5,12135,卖盘
1203,14:28:46,24.27,0.0,5,12135,买盘
1204,14:28:52,24.27,0.0,1,2427,卖盘
1205,14:29:01,24.27,0.0,5,12135,卖盘
1206,14:29:04,24.27,0.0,3,7281,卖盘
1207,14:29:58,24.29,0.02,5,12145,中性盘
1208,14:30:04,24.29,0.0,3,7287,卖盘
1209,14:30:40,24.29,0.0,4,9716,卖盘
1210,14:30:46,24.29,0.0,9,21861,买盘
1211,14:30:49,24.29,0.0,5,12145,买盘
1212,14:30:52,24.28,-0.01,1,2428,卖盘
1213,14:30:55,24.29,0.01,1,2429,买盘
1214,14:30:58,24.29,0.0,3,7287,买盘
1215,14:31:04,24.28,-0.01,3,7286,卖盘
1216,14:31:52,24.29,0.01,6,14574,买盘
1217,14:32:01,24.29,0.0,20,48580,卖盘
1218,14:32:04,24.28,-0.01,6,14572,卖盘
1219,14:32:10,24.29,0.01,3,7285,买盘
1220,14:32:40,24.29,0.0,13,31577,买盘
1221,14:32:49,24.29,0.0,2,4858,买盘
1222,14:32:52,24.29,0.0,2,4858,买盘
1223,14:33:04,24.29,0.0,10,24287,买盘
1224,14:33:13,24.29,0.0,5,12145,买盘
1225,14:33:16,24.29,0.0,4,9716,买盘
1226,14:33:19,24.3,0.01,73,177388,买盘
1227,14:33:25,24.3,0.0,5,12150,卖盘
1228,14:33:31,24.3,0.0,42,102146,卖盘
1229,14:33:49,24.29,-0.01,15,36435,卖盘
1230,14:33:52,24.3,0.01,11,26724,买盘
1231,14:34:04,24.28,-0.02,6,14568,卖盘
1232,14:34:07,24.29,0.01,2,4858,买盘
1233,14:34:19,24.28,-0.01,6,14568,卖盘
1234,14:34:31,24.28,0.0,10,24280,卖盘
1235,14:34:34,24.28,0.0,8,19424,卖盘
1236,14:34:40,24.28,0.0,31,75266,买盘
1237,14:34:43,24.28,0.0,13,31564,卖盘
1238,14:34:58,24.29,0.01,5,12145,买盘
1239,14:35:10,24.29,0.0,13,31586,卖盘
1240,14:35:13,24.28,-0.01,102,247747,卖盘
1241,14:35:16,24.27,-0.01,13,31551,卖盘
1242,14:35:19,24.26,-0.01,15,36395,卖盘
1243,14:35:22,24.28,0.02,22,53402,买盘
1244,14:35:43,24.25,-0.03,10,24250,卖盘
1245,14:35:46,24.25,0.0,1,2425,卖盘
1246,14:35:55,24.25,0.0,7,16975,卖盘
1247,14:35:58,24.25,0.0,9,21825,卖盘
1248,14:36:01,24.25,0.0,1,2425,买盘
1249,14:36:16,24.24,-0.01,58,140607,卖盘
1250,14:36:31,24.23,-0.01,1,2423,卖盘
1251,14:36:34,24.23,0.0,10,24230,卖盘
1252,14:36:43,24.21,-0.02,2,4842,卖盘
1253,14:36:55,24.21,0.0,5,12105,卖盘
1254,14:36:58,24.21,0.0,8,19368,卖盘
1255,14:37:01,24.16,-0.05,34,82164,卖盘
1256,14:37:07,24.16,0.0,4,9664,买盘
1257,14:37:13,24.15,-0.01,9,21735,卖盘
1258,14:37:22,24.16,0.01,1,2416,买盘
1259,14:37:25,24.15,-0.01,4,9662,卖盘
1260,14:37:28,24.16,0.01,1,2416,买盘
1261,14:37:37,24.16,0.0,23,55568,卖盘
1262,14:37:43,24.16,0.0,35,84545,买盘
1263,14:37:46,24.16,0.0,6,14496,买盘
1264,14:37:58,24.21,0.05,15,36315,买盘
1265,14:38:01,24.17,-0.04,3,7251,卖盘
1266,14:38:13,24.18,0.01,2,4838,卖盘
1267,14:38:22,24.17,-0.01,13,31424,卖盘
1268,14:38:25,24.18,0.01,10,24180,中性盘
1269,14:38:28,24.18,0.0,5,12090,买盘
1270,14:38:40,24.17,-0.01,3,7253,卖盘
1271,14:38:43,24.17,0.0,12,29004,卖盘
1272,14:38:46,24.17,0.0,4,9671,卖盘
1273,14:38:52,24.17,0.0,3,7251,买盘
1274,14:39:04,24.16,-0.01,4,9664,卖盘
1275,14:39:22,24.18,0.02,35,84630,买盘
1276,14:39:31,24.18,0.0,5,12090,卖盘
1277,14:40:01,24.2,0.02,1,2420,买盘
1278,14:40:07,24.2,0.0,3,7260,买盘
1279,14:40:10,24.2,0.0,3,7260,买盘
1280,14:40:13,24.2,0.0,12,29038,买盘
1281,14:40:19,24.2,0.0,2,4840,买盘
1282,14:40:28,24.2,0.0,2,4840,买盘
1283,14:40:37,24.18,-0.02,164,396565,卖盘
1284,14:40:40,24.18,0.0,6,14508,买盘
1285,14:40:52,24.17,-0.01,1,2417,卖盘
1286,14:40:55,24.17,0.0,1,2417,卖盘
1287,14:40:58,24.18,0.01,50,120878,买盘
1288,14:41:31,24.17,-0.01,4,9668,卖盘
1289,14:41:46,24.18,0.01,15,36270,买盘
1290,14:41:49,24.18,0.0,3,7254,买盘
1291,14:41:58,24.17,-0.01,11,26587,卖盘
1292,14:42:01,24.17,0.0,1,2417,买盘
1293,14:42:28,24.17,0.0,5,12085,买盘
1294,14:42:34,24.17,0.0,2,4834,买盘
1295,14:42:43,24.16,-0.01,33,79728,卖盘
1296,14:42:49,24.16,0.0,10,24160,买盘
1297,14:42:58,24.16,0.0,8,19328,买盘
1298,14:43:04,24.15,-0.01,4,9660,卖盘
1299,14:43:13,24.15,0.0,2,4830,卖盘
1300,14:43:16,24.16,0.01,24,57961,买盘
1301,14:43:19,24.16,0.0,5,12080,买盘
1302,14:43:43,24.15,-0.01,3,7245,卖盘
1303,14:43:49,24.16,0.01,20,48320,买盘
1304,14:44:04,24.16,0.0,46,111135,买盘
1305,14:44:22,24.17,0.01,2,4834,买盘
1306,14:44:28,24.16,-0.01,10,24166,卖盘
1307,14:44:52,24.19,0.03,45,108795,买盘
1308,14:45:07,24.17,-0.02,22,53183,卖盘
1309,14:45:19,24.16,-0.01,1,2416,卖盘
1310,14:45:34,24.19,0.03,10,24190,买盘
1311,14:45:40,24.19,0.0,6,14514,买盘
1312,14:45:46,24.19,0.0,1,2419,卖盘
1313,14:45:52,24.2,0.01,34,82280,买盘
1314,14:46:04,24.21,0.01,6,14526,买盘
1315,14:46:16,24.21,0.0,5,12105,买盘
1316,14:46:22,24.21,0.0,5,12105,买盘
1317,14:46:28,24.21,0.0,8,19368,买盘
1318,14:46:34,24.22,0.01,1,2422,买盘
1319,14:46:49,24.21,-0.01,1,2421,卖盘
1320,14:47:01,24.22,0.01,10,24220,买盘
1321,14:47:04,24.22,0.0,20,48439,买盘
1322,14:47:22,24.23,0.01,23,55729,买盘
1323,14:47:25,24.27,0.04,5,12129,买盘
1324,14:47:31,24.27,0.0,4,9708,卖盘
1325,14:48:10,24.3,0.03,8,19441,卖盘
1326,14:48:13,24.3,0.0,19,46170,买盘
1327,14:48:28,24.28,-0.02,1,2428,卖盘
1328,14:48:40,24.29,0.01,2,4858,买盘
1329,14:49:04,24.3,0.01,13,31574,买盘
1330,14:49:13,24.3,0.0,1,2430,买盘
1331,14:49:52,24.3,0.0,5,12150,买盘
1332,14:49:58,24.27,-0.03,30,72826,卖盘
1333,14:50:25,24.3,0.03,6,14575,买盘
1334,14:50:28,24.3,0.0,1,2430,买盘
1335,14:50:43,24.27,-0.03,2,4854,卖盘
1336,14:50:55,24.28,0.01,5,12140,卖盘
1337,14:51:04,24.28,0.0,5,12140,买盘
1338,14:51:13,24.29,0.01,1,2429,中性盘
1339,14:51:22,24.29,0.0,1,2429,卖盘
1340,14:51:31,24.29,0.0,1,2429,买盘
1341,14:51:46,24.28,-0.01,7,16996,卖盘
1342,14:51:49,24.28,0.0,5,12140,卖盘
1343,14:51:52,24.28,0.0,57,138424,卖盘
1344,14:52:04,24.29,0.01,5,12141,买盘
1345,14:52:10,24.28,-0.01,5,12140,卖盘
1346,14:52:22,24.29,0.01,2,4857,买盘
1347,14:52:28,24.28,-0.01,11,26708,卖盘
1348,14:52:40,24.28,0.0,2,4856,买盘
1349,14:52:46,24.27,-0.01,1,2427,卖盘
1350,14:52:49,24.28,0.01,20,48557,买盘
1351,14:52:55,24.27,-0.01,8,19419,卖盘
1352,14:53:04,24.28,0.01,4,9712,卖盘
1353,14:53:10,24.28,0.0,5,12140,卖盘
1354,14:53:13,24.28,0.0,3,7284,卖盘
1355,14:53:25,24.29,0.01,14,34006,买盘
1356,14:53:28,24.3,0.01,1,2430,买盘
1357,14:53:37,24.29,-0.01,5,12145,卖盘
1358,14:53:43,24.3,0.01,2,4860,买盘
1359,14:53:49,24.3,0.0,22,53460,买盘
1360,14:53:55,24.29,-0.01,10,24290,卖盘
1361,14:54:01,24.29,0.0,11,26719,卖盘
1362,14:54:07,24.3,0.01,3,7290,卖盘
1363,14:54:10,24.29,-0.01,20,48598,卖盘
1364,14:54:16,24.31,0.02,2,4862,买盘
1365,14:54:25,24.31,0.0,10,24300,买盘
1366,14:54:31,24.32,0.01,1,2432,买盘
1367,14:54:37,24.31,-0.01,5,12155,卖盘
1368,14:54:40,24.32,0.01,2,4864,买盘
1369,14:54:43,24.32,0.0,30,72960,买盘
1370,14:54:49,24.31,-0.01,10,24310,买盘
1371,14:54:52,24.3,-0.01,2,4860,卖盘
1372,14:54:58,24.31,0.01,1,2431,买盘
1373,14:55:04,24.31,0.0,4,9724,卖盘
1374,14:55:10,24.32,0.01,45,109410,买盘
1375,14:55:16,24.32,0.0,26,63192,买盘
1376,14:55:22,24.32,0.0,3,7296,卖盘
1377,14:55:28,24.32,0.0,7,17024,卖盘
1378,14:55:31,24.33,0.01,15,36483,买盘
1379,14:55:37,24.31,-0.02,6,14586,卖盘
1380,14:55:40,24.33,0.02,27,65691,买盘
1381,14:55:43,24.33,0.0,1,2433,卖盘
1382,14:55:46,24.33,0.0,15,36495,卖盘
1383,14:55:49,24.33,0.0,9,21897,卖盘
1384,14:55:52,24.34,0.01,15,36510,买盘
1385,14:56:07,24.34,0.0,6,14604,卖盘
1386,14:56:19,24.33,-0.01,1,2433,卖盘
1387,14:56:25,24.34,0.01,5,12170,买盘
1388,14:56:34,24.33,-0.01,6,14598,卖盘
1389,14:56:40,24.33,0.0,5,12165,卖盘
1390,14:56:43,24.33,0.0,8,19465,卖盘
1391,14:56:58,24.33,0.0,5,12165,买盘
1392,14:57:00,24.31,-0.02,8,19454,卖盘
1393,15:00:04,24.31,0.0,116,281996,卖盘
