,time,price,change,volume,amount,type
0,09:25:04,4.7,-0.01,62,29140,卖盘
1,09:30:04,4.67,-0.03,432,202580,卖盘
2,09:30:06,4.7,0.03,35,16450,买盘
3,09:30:15,4.69,-0.01,2,938,卖盘
4,09:30:21,4.7,0.01,16,7520,买盘
5,09:30:25,4.7,0.0,2,940,买盘
6,09:30:27,4.7,0.0,16,7520,买盘
7,09:30:31,4.7,0.0,5,2350,买盘
8,09:30:34,4.7,0.0,14,6580,买盘
9,09:30:36,4.7,0.0,6,2820,买盘
10,09:30:40,4.7,0.0,153,71910,买盘
11,09:30:43,4.7,0.0,34,15980,买盘
12,09:30:46,4.7,0.0,34,15980,买盘
13,09:30:48,4.7,0.0,23,10810,买盘
14,09:30:51,4.7,0.0,20,9400,买盘
15,09:30:55,4.7,0.0,17,7990,买盘
16,09:30:58,4.7,0.0,31,14570,买盘
17,09:31:00,4.7,0.0,2,940,买盘
18,09:31:10,4.7,0.0,26,12220,买盘
19,09:31:12,4.69,-0.01,1,469,卖盘
20,09:31:25,4.7,0.01,71,33370,买盘
21,09:31:33,4.71,0.01,1,471,买盘
22,09:31:40,4.71,0.0,22,10362,买盘
23,09:31:49,4.7,-0.01,6,2820,卖盘
24,09:32:16,4.71,0.01,2,942,买盘
25,09:32:31,4.71,0.0,10,4710,卖盘
26,09:32:37,4.71,0.0,3,1413,买盘
27,09:32:40,4.71,0.0,15,7065,买盘
28,09:32:45,4.71,0.0,169,79599,买盘
29,09:32:55,4.72,0.01,34,16048,买盘
30,09:33:04,4.72,0.0,5,2360,买盘
31,09:33:06,4.72,0.0,107,50404,买盘
32,09:33:16,4.72,0.0,33,15576,卖盘
33,09:33:19,4.72,0.0,16,7552,买盘
34,09:33:22,4.72,0.0,15,7080,买盘
35,09:33:39,4.72,0.0,22,10384,买盘
36,09:33:42,4.72,0.0,54,25488,买盘
37,09:34:10,4.73,0.01,10,4730,买盘
38,09:34:16,4.71,-0.02,160,75497,卖盘
39,09:34:40,4.72,0.01,10,4720,买盘
40,09:34:43,4.71,-0.01,27,12717,卖盘
41,09:35:09,4.71,0.0,5,2355,卖盘
42,09:35:16,4.71,0.0,10,4710,卖盘
43,09:35:19,4.71,0.0,7,3297,卖盘
44,09:35:48,4.71,0.0,10,4710,卖盘
45,09:36:07,4.72,0.01,27,12744,买盘
46,09:36:18,4.72,0.0,5,2360,买盘
47,09:36:40,4.71,-0.01,33,15563,卖盘
48,09:36:54,4.72,0.01,1,472,买盘
49,09:37:25,4.72,0.0,5,2360,买盘
50,09:37:45,4.72,0.0,37,17464,买盘
51,09:37:55,4.72,0.0,8,3776,买盘
52,09:38:04,4.72,0.0,11,5192,买盘
53,09:38:06,4.72,0.0,20,9440,买盘
54,09:38:13,4.71,-0.01,10,4710,卖盘
55,09:38:22,4.72,0.01,5,2360,买盘
56,09:38:52,4.72,0.0,3,1416,买盘
57,09:38:57,4.71,-0.01,20,9420,卖盘
58,09:39:04,4.71,0.0,9,4239,卖盘
59,09:39:39,4.71,0.0,48,22608,卖盘
60,09:39:43,4.71,0.0,1,471,卖盘
61,09:39:46,4.71,0.0,22,10362,卖盘
62,09:39:49,4.71,0.0,10,4710,卖盘
63,09:39:52,4.71,0.0,17,8007,卖盘
64,09:39:54,4.71,0.0,11,5181,卖盘
65,09:39:57,4.71,0.0,26,12246,卖盘
66,09:40:01,4.71,0.0,18,8478,卖盘
67,09:40:04,4.71,0.0,9,4239,卖盘
68,09:40:06,4.71,0.0,34,16044,卖盘
69,09:40:19,4.71,0.0,3,1413,卖盘
70,09:40:25,4.71,0.0,100,47100,卖盘
71,09:40:27,4.71,0.0,7,3297,卖盘
72,09:40:37,4.71,0.0,11,5181,卖盘
73,09:40:39,4.71,0.0,17,8007,卖盘
74,09:41:16,4.71,0.0,15,7065,卖盘
75,09:41:19,4.72,0.01,27,12744,买盘
76,09:41:28,4.72,0.0,3,1416,买盘
77,09:41:39,4.72,0.0,28,13216,买盘
78,09:41:43,4.72,0.0,3,1416,买盘
79,09:41:49,4.72,0.0,7,3304,买盘
80,09:42:36,4.72,0.0,50,23600,买盘
81,09:42:52,4.72,0.0,52,24544,买盘
82,09:43:37,4.71,-0.01,50,23550,卖盘
83,09:43:46,4.71,0.0,4,1884,卖盘
84,09:43:48,4.71,0.0,28,13188,卖盘
85,09:44:42,4.7,-0.01,274,128968,卖盘
86,09:44:46,4.71,0.01,20,9420,买盘
87,09:44:49,4.71,0.0,2,942,买盘
88,09:45:15,4.71,0.0,10,4710,卖盘
89,09:45:21,4.71,0.0,61,28731,卖盘
90,09:45:46,4.71,0.0,90,42390,买盘
91,09:46:10,4.7,-0.01,3,1410,卖盘
92,09:46:19,4.71,0.01,5,2355,买盘
93,09:46:25,4.71,0.0,26,12246,买盘
94,09:46:27,4.71,0.0,17,8007,卖盘
95,09:46:37,4.71,0.0,170,80070,买盘
96,09:47:31,4.72,0.01,30,14160,买盘
97,09:47:45,4.72,0.0,3,1416,买盘
98,09:48:25,4.72,0.0,2,944,买盘
99,09:49:07,4.72,0.0,50,23600,买盘
100,09:49:58,4.72,0.0,25,11800,买盘
101,09:50:27,4.71,-0.01,10,4710,卖盘
102,09:50:52,4.71,0.0,10,4710,卖盘
103,09:51:13,4.71,0.0,120,56520,卖盘
104,09:51:42,4.7,-0.01,141,66319,卖盘
105,09:52:12,4.7,0.0,10,4700,卖盘
106,09:52:19,4.71,0.01,10,4710,买盘
107,09:52:25,4.71,0.0,48,22608,买盘
108,09:52:37,4.71,0.0,2,942,买盘
109,09:52:45,4.71,0.0,3,1413,买盘
110,09:53:16,4.71,0.0,94,44274,卖盘
111,09:53:18,4.72,0.01,52,24518,买盘
112,09:53:28,4.72,0.0,306,144432,买盘
113,09:53:39,4.72,0.0,37,17464,买盘
114,09:54:10,4.71,-0.01,1,471,卖盘
115,09:54:12,4.72,0.01,1,472,买盘
116,09:54:15,4.71,-0.01,100,47100,卖盘
117,09:54:28,4.71,0.0,8,3768,卖盘
118,09:54:43,4.72,0.01,73,34456,买盘
119,09:54:49,4.72,0.0,20,9440,买盘
120,09:54:51,4.71,-0.01,4,1884,卖盘
121,09:55:04,4.72,0.01,200,94400,买盘
122,09:55:43,4.72,0.0,3,1416,买盘
123,09:55:45,4.71,-0.01,15,7065,卖盘
124,09:56:01,4.72,0.01,204,96288,买盘
125,09:56:46,4.72,0.0,50,23600,卖盘
126,09:56:54,4.72,0.0,29,13688,卖盘
127,09:57:04,4.72,0.0,12,5664,卖盘
128,09:57:07,4.72,0.0,5,2360,卖盘
129,09:57:28,4.72,0.0,10,4720,卖盘
130,09:58:07,4.72,0.0,30,14160,卖盘
131,09:58:16,4.72,0.0,10,4720,卖盘
132,09:58:22,4.73,0.01,5,2365,买盘
133,09:59:25,4.73,0.0,21,9933,买盘
134,09:59:39,4.73,0.0,9,4257,买盘
135,10:00:19,4.73,0.0,100,47300,买盘
136,10:00:21,4.72,-0.01,17,8024,卖盘
137,10:00:31,4.73,0.01,57,26961,买盘
138,10:00:49,4.72,-0.01,20,9440,卖盘
139,10:01:04,4.72,0.0,6,2832,卖盘
140,10:01:25,4.73,0.01,1,473,买盘
141,10:01:27,4.73,0.0,50,23650,买盘
142,10:02:01,4.73,0.0,75,35475,买盘
143,10:02:27,4.73,0.0,43,20339,买盘
144,10:02:48,4.73,0.0,5,2365,买盘
145,10:03:06,4.73,0.0,36,17028,买盘
146,10:03:27,4.73,0.0,6,2838,买盘
147,10:03:52,4.73,0.0,3,1419,买盘
148,10:04:30,4.73,0.0,100,47300,买盘
149,10:04:37,4.73,0.0,1,473,买盘
150,10:04:57,4.73,0.0,42,19861,买盘
151,10:05:19,4.73,0.0,21,9933,买盘
152,10:05:22,4.73,0.0,15,7095,买盘
153,10:05:24,4.73,0.0,34,16082,买盘
154,10:05:33,4.74,0.01,290,137288,买盘
155,10:05:43,4.73,-0.01,2,946,卖盘
156,10:05:46,4.73,0.0,73,34529,卖盘
157,10:05:58,4.74,0.01,45,21330,买盘
158,10:06:01,4.74,0.0,75,35550,买盘
159,10:06:09,4.74,0.0,15,7110,买盘
160,10:06:16,4.73,-0.01,45,21285,卖盘
161,10:06:30,4.74,0.01,18,8532,买盘
162,10:06:54,4.75,0.01,10,4750,买盘
163,10:07:00,4.75,0.0,13,6175,买盘
164,10:07:06,4.75,0.0,30,14250,买盘
165,10:07:13,4.75,0.0,87,41325,买盘
166,10:07:15,4.75,0.0,118,56050,买盘
167,10:07:25,4.75,0.0,10,4750,买盘
168,10:07:42,4.75,0.0,9,4275,买盘
169,10:07:55,4.76,0.01,10,4760,买盘
170,10:08:01,4.75,-0.01,1,475,卖盘
171,10:08:19,4.75,0.0,4,1900,卖盘
172,10:08:40,4.76,0.01,20,9520,买盘
173,10:08:43,4.75,-0.01,5,2375,卖盘
174,10:08:55,4.75,0.0,20,9500,卖盘
175,10:09:06,4.75,0.0,15,7125,卖盘
176,10:09:13,4.75,0.0,45,21375,卖盘
177,10:09:19,4.75,0.0,4,1900,买盘
178,10:09:31,4.74,-0.01,2,948,卖盘
179,10:10:36,4.75,0.01,10,4750,买盘
180,10:10:46,4.75,0.0,78,37050,买盘
181,10:11:51,4.75,0.0,10,4750,卖盘
182,10:12:22,4.75,0.0,20,9500,卖盘
183,10:12:49,4.76,0.01,30,14280,买盘
184,10:12:54,4.75,-0.01,4,1900,卖盘
185,10:13:36,4.75,0.0,42,19950,卖盘
186,10:14:04,4.74,-0.01,183,86742,卖盘
187,10:14:06,4.75,0.01,19,9025,买盘
188,10:15:25,4.74,-0.01,30,14220,卖盘
189,10:16:01,4.75,0.01,10,4750,买盘
190,10:16:30,4.75,0.0,30,14250,买盘
191,10:16:39,4.74,-0.01,1,474,卖盘
192,10:17:00,4.75,0.01,10,4750,买盘
193,10:18:00,4.75,0.0,33,15675,买盘
194,10:20:18,4.74,-0.01,30,14220,卖盘
195,10:21:39,4.74,0.0,11,5214,卖盘
196,10:22:06,4.74,0.0,1,474,卖盘
197,10:22:51,4.74,0.0,30,14220,卖盘
198,10:23:25,4.74,0.0,15,7110,卖盘
199,10:23:36,4.74,0.0,21,9954,卖盘
200,10:26:04,4.75,0.01,20,9500,买盘
201,10:26:57,4.75,0.0,4,1900,买盘
202,10:27:45,4.75,0.0,3,1425,买盘
203,10:28:01,4.75,0.0,4,1900,买盘
204,10:28:33,4.74,-0.01,15,7110,卖盘
205,10:28:55,4.74,0.0,15,7110,卖盘
206,10:29:54,4.74,0.0,20,9480,卖盘
207,10:30:12,4.74,0.0,11,5214,卖盘
208,10:30:30,4.75,0.01,63,29925,买盘
209,10:30:54,4.75,0.0,69,32775,买盘
210,10:32:27,4.74,-0.01,104,49296,卖盘
211,10:32:46,4.74,0.0,152,72048,卖盘
212,10:32:51,4.74,0.0,15,7110,买盘
213,10:33:27,4.73,-0.01,30,14190,卖盘
214,10:34:24,4.74,0.01,9,4266,买盘
215,10:34:42,4.74,0.0,10,4740,卖盘
216,10:35:48,4.74,0.0,2,948,卖盘
217,10:36:00,4.74,0.0,5,2370,卖盘
218,10:36:39,4.74,0.0,12,5688,卖盘
219,10:36:42,4.74,0.0,5,2370,卖盘
220,10:36:45,4.74,0.0,3,1422,卖盘
221,10:36:48,4.74,0.0,2,948,卖盘
222,10:36:51,4.74,0.0,100,47400,卖盘
223,10:36:54,4.74,0.0,6,2844,卖盘
224,10:36:57,4.74,0.0,4,1896,卖盘
225,10:37:00,4.74,0.0,4,1896,卖盘
226,10:37:03,4.74,0.0,4,1896,卖盘
227,10:37:06,4.74,0.0,4,1896,卖盘
228,10:37:09,4.74,0.0,2,948,卖盘
229,10:37:12,4.74,0.0,3,1422,卖盘
230,10:37:15,4.74,0.0,3,1422,卖盘
231,10:37:18,4.74,0.0,3,1422,卖盘
232,10:37:21,4.74,0.0,3,1422,卖盘
233,10:37:24,4.74,0.0,3,1422,卖盘
234,10:37:27,4.74,0.0,4,1896,卖盘
235,10:37:30,4.74,0.0,4,1896,卖盘
236,10:37:33,4.74,0.0,9,4266,卖盘
237,10:37:36,4.74,0.0,12,5688,卖盘
238,10:37:46,4.74,0.0,19,9006,卖盘
239,10:39:04,4.73,-0.01,14,6622,卖盘
240,10:39:33,4.73,0.0,350,165550,卖盘
241,10:39:42,4.73,0.0,17,8041,卖盘
242,10:39:51,4.73,0.0,20,9460,卖盘
243,10:40:04,4.73,0.0,144,68112,卖盘
244,10:41:51,4.73,0.0,10,4730,卖盘
245,10:42:04,4.73,0.0,137,64920,卖盘
246,10:43:15,4.73,0.0,22,10406,卖盘
247,10:43:18,4.74,0.01,50,23700,买盘
248,10:43:45,4.74,0.0,29,13746,买盘
249,10:43:51,4.75,0.01,3,1425,买盘
250,10:44:34,4.75,0.0,5,2375,买盘
251,10:44:51,4.75,0.0,3,1425,买盘
252,10:44:54,4.74,-0.01,1,474,卖盘
253,10:45:15,4.74,0.0,2,948,买盘
254,10:45:21,4.74,0.0,4,1896,买盘
255,10:46:12,4.73,-0.01,20,9460,卖盘
256,10:46:31,4.75,0.02,2,950,买盘
257,10:47:03,4.75,0.0,10,4750,买盘
258,10:48:00,4.74,-0.01,1,474,卖盘
259,10:48:49,4.74,0.0,10,4740,卖盘
260,10:49:15,4.74,0.0,69,32706,卖盘
261,10:49:27,4.73,-0.01,1,473,卖盘
262,10:49:36,4.74,0.01,87,41238,买盘
263,10:49:54,4.74,0.0,9,4266,卖盘
264,10:50:33,4.74,0.0,1,474,买盘
265,10:50:45,4.74,0.0,10,4740,卖盘
266,10:51:03,4.74,0.0,1,474,卖盘
267,10:51:57,4.74,0.0,2,948,卖盘
268,10:52:04,4.75,0.01,61,28917,买盘
269,10:52:15,4.75,0.0,22,10450,买盘
270,10:53:09,4.75,0.0,5,2375,买盘
271,10:53:15,4.74,-0.01,10,4740,卖盘
272,10:53:42,4.74,0.0,10,4740,卖盘
273,10:53:48,4.74,0.0,12,5688,卖盘
274,10:54:10,4.74,0.0,32,15168,卖盘
275,10:54:24,4.74,0.0,14,6636,卖盘
276,10:54:51,4.74,0.0,13,6162,买盘
277,10:55:45,4.75,0.01,10,4750,买盘
278,10:56:48,4.75,0.0,5,2375,买盘
279,10:57:04,4.74,-0.01,17,8058,卖盘
280,10:57:06,4.74,0.0,2,948,卖盘
281,10:57:09,4.74,0.0,8,3792,卖盘
282,10:57:12,4.74,0.0,4,1896,卖盘
283,10:57:15,4.74,0.0,4,1896,卖盘
284,10:57:18,4.74,0.0,5,2370,卖盘
285,10:57:21,4.74,0.0,3,1422,卖盘
286,10:57:24,4.74,0.0,4,1896,卖盘
287,10:57:27,4.74,0.0,2,948,卖盘
288,10:57:39,4.74,0.0,2,948,卖盘
289,10:57:54,4.74,0.0,1,474,卖盘
290,10:58:00,4.74,0.0,3,1422,卖盘
291,10:58:06,4.74,0.0,100,47400,卖盘
292,10:59:21,4.75,0.01,10,4750,买盘
293,11:02:00,4.74,-0.01,350,165900,卖盘
294,11:02:15,4.74,0.0,7,3318,买盘
295,11:03:18,4.75,0.01,225,106875,买盘
296,11:04:12,4.75,0.0,4,1900,买盘
297,11:04:51,4.73,-0.02,11,5223,卖盘
298,11:06:00,4.73,0.0,139,65747,卖盘
299,11:07:03,4.73,0.0,50,23650,卖盘
300,11:07:09,4.74,0.01,54,25596,买盘
301,11:07:21,4.73,-0.01,20,9460,卖盘
302,11:07:30,4.73,0.0,19,8987,卖盘
303,11:07:36,4.74,0.01,200,94800,买盘
304,11:08:06,4.73,-0.01,3,1419,卖盘
305,11:08:45,4.74,0.01,113,53562,买盘
306,11:09:12,4.74,0.0,12,5688,买盘
307,11:09:25,4.74,0.0,100,47400,买盘
308,11:09:36,4.74,0.0,100,47400,买盘
309,11:09:54,4.73,-0.01,50,23650,卖盘
310,11:10:15,4.73,0.0,50,23650,卖盘
311,11:11:24,4.73,0.0,50,23650,卖盘
312,11:11:36,4.73,0.0,31,14663,卖盘
313,11:12:42,4.73,0.0,10,4730,卖盘
314,11:13:48,4.73,0.0,33,15609,卖盘
315,11:14:46,4.73,0.0,30,14190,卖盘
316,11:15:15,4.73,0.0,6,2838,卖盘
317,11:15:48,4.73,0.0,61,28853,卖盘
318,11:16:42,4.73,0.0,10,4730,卖盘
319,11:18:27,4.73,0.0,2,946,卖盘
320,11:19:19,4.73,0.0,8,3784,中性盘
321,11:20:18,4.74,0.01,190,90060,买盘
322,11:20:42,4.74,0.0,56,26544,卖盘
323,11:20:45,4.74,0.0,4,1896,卖盘
324,11:20:48,4.74,0.0,65,30810,卖盘
325,11:22:12,4.73,-0.01,22,10406,卖盘
326,11:23:04,4.73,0.0,78,36894,买盘
327,11:24:18,4.73,0.0,97,45881,卖盘
328,11:25:06,4.73,0.0,2,946,卖盘
329,11:25:27,4.73,0.0,198,93654,卖盘
330,11:26:09,4.73,0.0,1,473,买盘
331,11:27:00,4.72,-0.01,44,20768,卖盘
332,11:27:48,4.72,0.0,12,5664,卖盘
333,11:28:18,4.72,0.0,57,26904,卖盘
334,11:28:45,4.72,0.0,33,15576,卖盘
335,11:28:48,4.72,0.0,10,4720,卖盘
336,11:29:36,4.72,0.0,3,1416,卖盘
337,13:00:04,4.72,0.0,370,174834,卖盘
338,13:00:06,4.72,0.0,10,4720,卖盘
339,13:00:16,4.72,0.0,5,2368,卖盘
340,13:00:18,4.72,0.0,1,472,卖盘
341,13:00:22,4.72,0.0,1,472,卖盘
342,13:00:25,4.72,0.0,1,472,卖盘
343,13:00:30,4.72,0.0,2,944,卖盘
344,13:00:34,4.72,0.0,1,472,卖盘
345,13:00:36,4.72,0.0,1,472,卖盘
346,13:00:40,4.72,0.0,1,472,卖盘
347,13:00:45,4.73,0.01,28,13244,卖盘
348,13:00:48,4.73,0.0,22,10406,卖盘
349,13:00:51,4.73,0.0,19,8987,卖盘
350,13:00:54,4.73,0.0,15,7095,卖盘
351,13:00:57,4.73,0.0,12,5676,卖盘
352,13:01:00,4.73,0.0,11,5203,卖盘
353,13:01:04,4.73,0.0,9,4257,卖盘
354,13:01:06,4.73,0.0,8,3784,卖盘
355,13:01:09,4.73,0.0,7,3311,卖盘
356,13:01:12,4.73,0.0,7,3311,卖盘
357,13:01:15,4.73,0.0,6,2838,卖盘
358,13:01:18,4.73,0.0,5,2365,卖盘
359,13:01:21,4.73,0.0,4,1892,卖盘
360,13:01:24,4.73,0.0,47,22231,卖盘
361,13:01:54,4.72,-0.01,2,944,卖盘
362,13:02:30,4.71,-0.01,122,57462,卖盘
363,13:03:09,4.71,0.0,50,23550,卖盘
364,13:03:39,4.71,0.0,10,4710,卖盘
365,13:03:42,4.71,0.0,1,471,卖盘
366,13:04:21,4.71,0.0,6,2826,卖盘
367,13:04:30,4.71,0.0,3,1413,卖盘
368,13:04:39,4.71,0.0,268,126228,卖盘
369,13:05:04,4.71,0.0,10,4710,买盘
370,13:05:36,4.71,0.0,18,8478,买盘
371,13:05:42,4.71,0.0,55,25905,买盘
372,13:06:00,4.71,0.0,104,48984,卖盘
373,13:06:42,4.71,0.0,33,15543,买盘
374,13:07:24,4.72,0.01,100,47200,买盘
375,13:07:33,4.71,-0.01,90,42390,卖盘
376,13:08:45,4.71,0.0,48,22608,卖盘
377,13:09:21,4.72,0.01,233,109976,买盘
378,13:09:30,4.71,-0.01,5,2355,卖盘
379,13:09:39,4.71,0.0,50,23550,卖盘
380,13:10:48,4.72,0.01,2,944,买盘
381,13:11:45,4.72,0.0,50,23600,买盘
382,13:12:15,4.71,-0.01,50,23550,卖盘
383,13:12:27,4.72,0.01,30,14160,买盘
384,13:12:33,4.71,-0.01,145,68295,卖盘
385,13:12:45,4.72,0.01,2,944,买盘
386,13:12:49,4.72,0.0,2,944,买盘
387,13:12:52,4.72,0.0,91,42952,买盘
388,13:12:58,4.72,0.0,3,1416,卖盘
389,13:13:01,4.72,0.0,27,12744,卖盘
390,13:13:30,4.72,0.0,6,2832,买盘
391,13:14:09,4.72,0.0,15,7080,卖盘
392,13:14:21,4.72,0.0,10,4720,买盘
393,13:14:42,4.71,-0.01,3,1413,卖盘
394,13:15:24,4.71,0.0,30,14130,卖盘
395,13:16:12,4.72,0.01,7,3304,买盘
396,13:16:33,4.72,0.0,19,8968,买盘
397,13:16:42,4.72,0.0,10,4720,买盘
398,13:16:57,4.71,-0.01,70,32970,卖盘
399,13:18:15,4.72,0.01,6,2832,买盘
400,13:18:24,4.72,0.0,15,7080,买盘
401,13:19:18,4.73,0.01,35,16555,买盘
402,13:21:18,4.73,0.0,84,39732,买盘
403,13:21:30,4.73,0.0,34,16082,买盘
404,13:22:00,4.72,-0.01,1,472,卖盘
405,13:22:06,4.72,0.0,20,9440,卖盘
406,13:23:03,4.72,0.0,1,472,卖盘
407,13:23:06,4.72,0.0,20,9440,卖盘
408,13:23:12,4.73,0.01,21,9933,买盘
409,13:26:06,4.72,-0.01,10,4720,卖盘
410,13:27:03,4.73,0.01,5,2365,买盘
411,13:27:15,4.72,-0.01,139,65608,卖盘
412,13:27:30,4.72,0.0,60,28320,买盘
413,13:27:39,4.72,0.0,2,944,买盘
414,13:28:18,4.72,0.0,2,944,买盘
415,13:28:39,4.71,-0.01,1,471,卖盘
416,13:29:31,4.71,0.0,40,18840,卖盘
417,13:29:33,4.71,0.0,198,93258,卖盘
418,13:29:36,4.71,0.0,6,2826,卖盘
419,13:29:39,4.71,0.0,4,1884,卖盘
420,13:29:42,4.71,0.0,203,95613,卖盘
421,13:29:45,4.71,0.0,5,2355,卖盘
422,13:29:48,4.71,0.0,2,942,卖盘
423,13:29:51,4.71,0.0,3,1413,卖盘
424,13:29:55,4.71,0.0,5,2355,卖盘
425,13:30:00,4.71,0.0,10,4710,卖盘
426,13:30:04,4.71,0.0,1,471,卖盘
427,13:30:06,4.71,0.0,1,471,卖盘
428,13:30:10,4.71,0.0,1,471,卖盘
429,13:30:12,4.71,0.0,1,471,卖盘
430,13:30:16,4.71,0.0,1,471,卖盘
431,13:30:18,4.71,0.0,7,3297,卖盘
432,13:30:49,4.71,0.0,3,1413,买盘
433,13:31:57,4.7,-0.01,10,4700,卖盘
434,13:32:12,4.7,0.0,53,24910,卖盘
435,13:32:30,4.7,0.0,38,17860,卖盘
436,13:32:39,4.7,0.0,50,23500,卖盘
437,13:33:27,4.71,0.01,4,1884,买盘
438,13:33:42,4.7,-0.01,200,94000,卖盘
439,13:33:48,4.71,0.01,100,47100,买盘
440,13:33:57,4.71,0.0,250,117750,买盘
441,13:34:06,4.71,0.0,6,2826,买盘
442,13:34:10,4.71,0.0,2,942,买盘
443,13:34:15,4.71,0.0,81,38151,买盘
444,13:34:57,4.71,0.0,1,471,买盘
445,13:35:07,4.71,0.0,10,4710,买盘
446,13:35:15,4.71,0.0,10,4710,买盘
447,13:35:24,4.7,-0.01,6,2820,卖盘
448,13:35:52,4.71,0.01,1,471,买盘
449,13:36:00,4.71,0.0,100,47100,买盘
450,13:36:04,4.71,0.0,40,18840,买盘
451,13:36:09,4.71,0.0,20,9420,买盘
452,13:36:12,4.71,0.0,5,2355,买盘
453,13:36:21,4.7,-0.01,32,15040,卖盘
454,13:36:33,4.71,0.01,3,1413,买盘
455,13:36:48,4.7,-0.01,4,1880,卖盘
456,13:37:00,4.71,0.01,2,942,买盘
457,13:37:51,4.71,0.0,12,5652,买盘
458,13:38:04,4.71,0.0,1,471,买盘
459,13:38:15,4.71,0.0,40,18840,买盘
460,13:39:07,4.71,0.0,8,3768,买盘
461,13:39:30,4.71,0.0,9,4239,买盘
462,13:39:45,4.71,0.0,18,8478,买盘
463,13:40:09,4.71,0.0,2,942,买盘
464,13:40:22,4.71,0.0,2,942,买盘
465,13:40:24,4.71,0.0,1,471,买盘
466,13:40:54,4.7,-0.01,3,1410,卖盘
467,13:41:18,4.7,0.0,6,2820,卖盘
468,13:41:21,4.71,0.01,1,471,买盘
469,13:41:28,4.71,0.0,10,4710,买盘
470,13:41:30,4.71,0.0,1,471,买盘
471,13:41:33,4.7,-0.01,2,940,卖盘
472,13:41:42,4.71,0.01,30,14130,买盘
473,13:42:04,4.71,0.0,50,23550,买盘
474,13:42:25,4.71,0.0,1,471,买盘
475,13:42:45,4.71,0.0,60,28260,买盘
476,13:43:18,4.71,0.0,5,2355,买盘
477,13:43:24,4.71,0.0,2,942,买盘
478,13:43:30,4.71,0.0,408,192168,买盘
479,13:43:43,4.71,0.0,22,10362,买盘
480,13:43:57,4.71,0.0,10,4710,买盘
481,13:44:00,4.71,0.0,10,4710,买盘
482,13:44:03,4.71,0.0,10,4710,买盘
483,13:44:18,4.71,0.0,50,23550,买盘
484,13:44:33,4.71,0.0,1,471,买盘
485,13:44:39,4.71,0.0,4,1884,买盘
486,13:45:09,4.7,-0.01,38,17860,卖盘
487,13:45:24,4.71,0.01,1,471,买盘
488,13:45:48,4.71,0.0,52,24492,买盘
489,13:46:00,4.71,0.0,1,471,买盘
490,13:46:06,4.71,0.0,50,23550,买盘
491,13:46:09,4.71,0.0,49,23079,买盘
492,13:46:30,4.71,0.0,1,471,买盘
493,13:46:39,4.71,0.0,274,129054,买盘
494,13:47:21,4.72,0.01,1,472,买盘
495,13:47:30,4.72,0.0,20,9440,买盘
496,13:47:40,4.72,0.0,14,6608,买盘
497,13:47:48,4.72,0.0,7,3304,买盘
498,13:47:55,4.72,0.0,17,8024,买盘
499,13:48:39,4.72,0.0,1,472,买盘
500,13:48:54,4.72,0.0,187,88264,买盘
501,13:49:36,4.72,0.0,2,944,买盘
502,13:49:45,4.72,0.0,1,472,买盘
503,13:49:51,4.72,0.0,300,141600,买盘
504,13:50:04,4.72,0.0,1,472,买盘
505,13:50:15,4.72,0.0,203,95816,买盘
506,13:50:18,4.72,0.0,4,1888,买盘
507,13:50:21,4.72,0.0,1,472,买盘
508,13:50:30,4.72,0.0,1,472,买盘
509,13:50:33,4.72,0.0,7,3304,买盘
510,13:50:36,4.72,0.0,2,944,买盘
511,13:50:39,4.72,0.0,2,944,买盘
512,13:50:42,4.72,0.0,11,5192,买盘
513,13:50:46,4.72,0.0,5,2360,买盘
514,13:50:49,4.72,0.0,1,472,买盘
515,13:50:52,4.72,0.0,1,472,买盘
516,13:51:04,4.72,0.0,1,472,卖盘
517,13:51:07,4.72,0.0,4,1888,买盘
518,13:51:10,4.72,0.0,3,1416,买盘
519,13:51:12,4.72,0.0,3,1416,买盘
520,13:51:15,4.71,-0.01,21,9894,卖盘
521,13:51:18,4.72,0.01,28,13216,买盘
522,13:52:18,4.73,0.01,50,23650,买盘
523,13:52:25,4.73,0.0,106,50138,买盘
524,13:52:36,4.73,0.0,9,4257,买盘
525,13:53:06,4.73,0.0,7,3311,买盘
526,13:53:12,4.73,0.0,20,9460,买盘
527,13:53:25,4.73,0.0,301,142373,买盘
528,13:53:40,4.72,-0.01,27,12744,卖盘
529,13:54:39,4.73,0.01,1,473,买盘
530,13:54:45,4.73,0.0,10,4730,买盘
531,13:54:55,4.73,0.0,10,4730,买盘
532,13:55:19,4.72,-0.01,40,18880,卖盘
533,13:55:36,4.73,0.01,1,473,买盘
534,13:55:45,4.73,0.0,35,16555,买盘
535,13:56:07,4.73,0.0,1,473,买盘
536,13:56:46,4.73,0.0,1,473,买盘
537,13:56:52,4.73,0.0,201,95073,买盘
538,13:56:54,4.73,0.0,17,8041,买盘
539,13:57:01,4.73,0.0,300,141900,买盘
540,13:57:12,4.73,0.0,15,7095,买盘
541,13:57:34,4.73,0.0,24,11352,买盘
542,13:57:37,4.73,0.0,6,2838,买盘
543,13:57:39,4.73,0.0,48,22704,买盘
544,13:57:42,4.73,0.0,2,946,买盘
545,13:57:58,4.73,0.0,50,23650,买盘
546,13:58:06,4.73,0.0,100,47300,买盘
547,13:58:09,4.73,0.0,100,47300,买盘
548,13:58:13,4.73,0.0,2,946,买盘
549,13:58:25,4.73,0.0,100,47300,买盘
550,13:58:28,4.73,0.0,1,473,买盘
551,13:58:30,4.73,0.0,3,1419,买盘
552,13:58:43,4.73,0.0,1,473,买盘
553,13:59:06,4.72,-0.01,1,472,卖盘
554,13:59:15,4.73,0.01,500,236500,买盘
555,13:59:18,4.73,0.0,32,15136,买盘
556,13:59:22,4.73,0.0,21,9933,买盘
557,13:59:24,4.73,0.0,6,2838,买盘
558,13:59:27,4.73,0.0,10,4730,买盘
559,13:59:31,4.73,0.0,245,115885,买盘
560,14:00:04,4.74,0.01,1,474,买盘
561,14:00:07,4.74,0.0,211,100014,买盘
562,14:00:51,4.75,0.01,176,83600,买盘
563,14:00:58,4.75,0.0,17,8075,买盘
564,14:01:00,4.75,0.0,2,950,买盘
565,14:01:04,4.75,0.0,1,475,买盘
566,14:01:10,4.75,0.0,300,142500,买盘
567,14:01:12,4.75,0.0,68,32300,买盘
568,14:01:33,4.75,0.0,12,5700,买盘
569,14:01:45,4.74,-0.01,26,12324,卖盘
570,14:01:52,4.75,0.01,1,475,买盘
571,14:01:55,4.75,0.0,224,106400,买盘
572,14:01:57,4.75,0.0,1,475,买盘
573,14:02:24,4.74,-0.01,56,26866,卖盘
574,14:02:30,4.75,0.01,5,2375,买盘
575,14:02:33,4.75,0.0,2,950,买盘
576,14:02:48,4.76,0.01,6,2853,买盘
577,14:03:27,4.75,-0.01,1,475,卖盘
578,14:03:42,4.75,0.0,1,475,卖盘
579,14:04:04,4.75,0.0,12,5700,买盘
580,14:04:13,4.75,0.0,10,4750,买盘
581,14:04:27,4.75,0.0,30,14250,买盘
582,14:04:36,4.75,0.0,1,475,卖盘
583,14:04:46,4.76,0.01,1,476,买盘
584,14:05:04,4.76,0.0,2,952,买盘
585,14:05:12,4.75,-0.01,50,23750,卖盘
586,14:05:30,4.75,0.0,13,6175,卖盘
587,14:05:34,4.75,0.0,22,10450,卖盘
588,14:05:45,4.76,0.01,1,476,买盘
589,14:05:57,4.75,-0.01,5,2375,卖盘
590,14:06:01,4.75,0.0,10,4750,卖盘
591,14:06:04,4.76,0.01,40,19040,买盘
592,14:06:09,4.75,-0.01,1,475,卖盘
593,14:06:21,4.75,0.0,1,475,卖盘
594,14:06:27,4.75,0.0,20,9500,卖盘
595,14:06:30,4.75,0.0,31,14725,卖盘
596,14:06:37,4.76,0.01,1,476,买盘
597,14:06:49,4.75,-0.01,110,52250,卖盘
598,14:07:01,4.75,0.0,5,2375,买盘
599,14:07:04,4.75,0.0,193,91675,买盘
600,14:07:51,4.75,0.0,1,475,买盘
601,14:08:06,4.74,-0.01,117,55555,卖盘
602,14:08:48,4.75,0.01,1,475,买盘
603,14:08:52,4.75,0.0,60,28500,买盘
604,14:09:33,4.75,0.0,1,475,买盘
605,14:10:18,4.75,0.0,37,17575,买盘
606,14:10:45,4.75,0.0,2,950,买盘
607,14:11:48,4.75,0.0,1,475,买盘
608,14:11:54,4.74,-0.01,50,23700,卖盘
609,14:12:03,4.74,0.0,5,2370,卖盘
610,14:12:06,4.74,0.0,102,48348,卖盘
611,14:12:57,4.74,0.0,11,5215,卖盘
612,14:13:48,4.74,0.0,51,24174,卖盘
613,14:13:58,4.75,0.01,1,475,买盘
614,14:14:30,4.74,-0.01,5,2370,卖盘
615,14:15:07,4.75,0.01,1,475,买盘
616,14:15:34,4.74,-0.01,921,436232,卖盘
617,14:15:57,4.74,0.0,1,474,买盘
618,14:17:03,4.74,0.0,2,948,买盘
619,14:17:31,4.74,0.0,38,18012,买盘
620,14:17:54,4.74,0.0,1,474,买盘
621,14:17:57,4.73,-0.01,2,946,卖盘
622,14:18:04,4.73,0.0,51,24123,卖盘
623,14:18:21,4.74,0.01,8,3792,买盘
624,14:18:39,4.73,-0.01,1,473,卖盘
625,14:19:09,4.74,0.01,1,474,买盘
626,14:19:15,4.73,-0.01,22,10406,卖盘
627,14:19:21,4.74,0.01,76,35994,买盘
628,14:19:42,4.74,0.0,1,474,买盘
629,14:19:54,4.73,-0.01,235,111155,卖盘
630,14:20:24,4.73,0.0,83,39259,买盘
631,14:20:30,4.73,0.0,63,29799,买盘
632,14:20:45,4.73,0.0,100,47300,买盘
633,14:20:52,4.73,0.0,10,4730,买盘
634,14:21:00,4.73,0.0,1,473,买盘
635,14:21:06,4.73,0.0,8,3784,买盘
636,14:21:42,4.73,0.0,5,2365,卖盘
637,14:21:45,4.74,0.01,2,948,买盘
638,14:22:09,4.73,-0.01,2,946,卖盘
639,14:22:21,4.73,0.0,35,16555,卖盘
640,14:24:09,4.73,0.0,2,946,买盘
641,14:24:30,4.73,0.0,2,946,买盘
642,14:25:13,4.73,0.0,231,109263,买盘
643,14:25:33,4.74,0.01,10,4740,买盘
644,14:25:36,4.74,0.0,3,1422,买盘
645,14:26:10,4.73,-0.01,28,13244,卖盘
646,14:26:48,4.73,0.0,5,2365,卖盘
647,14:26:57,4.74,0.01,2,948,买盘
648,14:27:15,4.73,-0.01,100,47300,卖盘
649,14:27:24,4.74,0.01,5,2370,买盘
650,14:27:36,4.74,0.0,2,948,买盘
651,14:28:19,4.73,-0.01,33,15609,卖盘
652,14:28:27,4.73,0.0,1,473,买盘
653,14:28:33,4.73,0.0,24,11352,买盘
654,14:28:37,4.73,0.0,2,946,卖盘
655,14:28:45,4.74,0.01,1,474,买盘
656,14:28:57,4.73,-0.01,41,19393,卖盘
657,14:29:21,4.73,0.0,5,2365,卖盘
658,14:29:54,4.74,0.01,791,374934,买盘
659,14:29:57,4.74,0.0,6,2844,买盘
660,14:30:04,4.74,0.0,2,948,买盘
661,14:30:06,4.74,0.0,10,4740,买盘
662,14:30:12,4.74,0.0,17,8058,买盘
663,14:30:18,4.74,0.0,42,19908,买盘
664,14:30:24,4.74,0.0,13,6162,买盘
665,14:31:06,4.74,0.0,50,23700,买盘
666,14:31:19,4.74,0.0,29,13746,买盘
667,14:31:54,4.74,0.0,64,30336,买盘
668,14:32:18,4.74,0.0,50,23700,买盘
669,14:32:21,4.74,0.0,1,474,买盘
670,14:32:24,4.74,0.0,1,474,买盘
671,14:32:27,4.74,0.0,1,474,买盘
672,14:32:30,4.74,0.0,1,474,买盘
673,14:32:51,4.74,0.0,10,4740,买盘
674,14:32:54,4.74,0.0,1,474,买盘
675,14:32:57,4.74,0.0,1,474,买盘
676,14:33:00,4.74,0.0,1,474,买盘
677,14:33:04,4.74,0.0,1,474,买盘
678,14:33:06,4.74,0.0,1,474,买盘
679,14:33:09,4.74,0.0,1,474,买盘
680,14:34:06,4.74,0.0,2,948,买盘
681,14:34:09,4.73,-0.01,51,24173,卖盘
682,14:35:52,4.74,0.01,3,1422,买盘
683,14:35:54,4.74,0.0,127,60198,买盘
684,14:36:04,4.74,0.0,5,2370,买盘
685,14:36:15,4.74,0.0,29,13746,买盘
686,14:37:15,4.74,0.0,11,5214,卖盘
687,14:38:12,4.74,0.0,13,6162,卖盘
688,14:38:15,4.74,0.0,50,23700,卖盘
689,14:38:33,4.74,0.0,1,474,卖盘
690,14:38:45,4.74,0.0,9,3944,卖盘
691,14:39:09,4.74,0.0,4,1896,买盘
692,14:39:15,4.74,0.0,2,948,买盘
693,14:39:54,4.74,0.0,1008,478792,卖盘
694,14:40:00,4.75,0.01,5,2375,买盘
695,14:40:27,4.74,-0.01,20,9480,卖盘
696,14:41:24,4.74,0.0,83,39020,卖盘
697,14:41:30,4.74,0.0,39,18486,买盘
698,14:43:04,4.74,0.0,65,30810,买盘
699,14:43:24,4.73,-0.01,80,37840,卖盘
700,14:43:57,4.73,0.0,199,94127,卖盘
701,14:44:18,4.73,0.0,60,28380,卖盘
702,14:44:33,4.74,0.01,20,9480,买盘
703,14:44:58,4.73,-0.01,14,6623,卖盘
704,14:45:09,4.73,0.0,4,1892,卖盘
705,14:45:18,4.73,0.0,20,9460,卖盘
706,14:45:49,4.73,0.0,30,14190,卖盘
707,14:46:03,4.73,0.0,40,18920,卖盘
708,14:46:34,4.73,0.0,4,1892,卖盘
709,14:46:42,4.73,0.0,13,6149,卖盘
710,14:46:48,4.73,0.0,5,2366,卖盘
711,14:47:00,4.73,0.0,40,18920,卖盘
712,14:47:30,4.73,0.0,12,5676,卖盘
713,14:48:13,4.73,0.0,10,4730,卖盘
714,14:48:34,4.73,0.0,5,2365,卖盘
715,14:49:09,4.73,0.0,54,25542,卖盘
716,14:49:18,4.73,0.0,20,9460,卖盘
717,14:49:25,4.73,0.0,30,14190,卖盘
718,14:49:46,4.74,0.01,8,3792,买盘
719,14:50:04,4.73,-0.01,73,34538,卖盘
720,14:50:25,4.73,0.0,32,15136,卖盘
721,14:51:04,4.73,0.0,21,9933,卖盘
722,14:51:33,4.74,0.01,38,18012,买盘
723,14:51:58,4.74,0.0,20,9480,买盘
724,14:52:27,4.74,0.0,222,105228,买盘
725,14:52:40,4.74,0.0,43,20382,买盘
726,14:53:07,4.74,0.0,3,1422,买盘
727,14:53:10,4.74,0.0,100,47400,买盘
728,14:53:16,4.74,0.0,10,4740,买盘
729,14:53:19,4.74,0.0,89,42508,买盘
730,14:53:27,4.74,0.0,7,3318,卖盘
731,14:53:37,4.74,0.0,44,20534,卖盘
732,14:53:54,4.73,-0.01,5,2365,卖盘
733,14:54:01,4.73,0.0,5,2365,卖盘
734,14:54:06,4.73,0.0,26,12298,卖盘
735,14:54:09,4.73,0.0,40,18920,卖盘
736,14:54:22,4.74,0.01,4,1896,买盘
737,14:55:10,4.74,0.0,10,4740,买盘
738,14:55:30,4.74,0.0,65,30810,买盘
739,14:55:46,4.74,0.0,100,47400,买盘
740,14:55:49,4.74,0.0,22,10428,买盘
741,14:56:04,4.74,0.0,36,17064,买盘
742,14:56:22,4.74,0.0,113,53562,买盘
743,14:56:51,4.74,0.0,20,9480,买盘
744,14:57:01,4.74,0.0,45,21652,买盘
745,15:00:04,4.75,0.01,860,408500,卖盘
