,time,price,change,volume,amount,type
0,09:25:04,2.62,0.0,10957,2870923,卖盘
1,09:30:04,2.63,0.01,408,107272,买盘
2,09:30:07,2.63,0.0,2753,725890,买盘
3,09:30:10,2.63,0.0,811,213629,卖盘
4,09:30:13,2.63,0.0,20,5260,卖盘
5,09:30:16,2.64,0.01,162,42755,买盘
6,09:30:19,2.63,-0.01,98,25871,卖盘
7,09:30:22,2.64,0.01,263,69398,买盘
8,09:30:25,2.64,0.0,139,36696,卖盘
9,09:30:28,2.64,0.0,45,11893,卖盘
10,09:30:31,2.65,0.01,493,130562,买盘
11,09:30:34,2.65,0.0,682,180605,买盘
12,09:30:37,2.65,0.0,327,86655,买盘
13,09:30:40,2.65,0.0,737,195201,买盘
14,09:30:43,2.64,-0.01,1757,465561,卖盘
15,09:30:46,2.65,0.01,534,141471,买盘
16,09:30:48,2.65,0.0,1197,317190,买盘
17,09:30:52,2.65,0.0,30,7950,卖盘
18,09:30:55,2.65,0.0,560,148500,卖盘
19,09:30:58,2.66,0.01,580,153708,买盘
20,09:31:01,2.65,-0.01,2814,747511,卖盘
21,09:31:04,2.66,0.01,1158,308005,买盘
22,09:31:07,2.66,0.0,27,7182,卖盘
23,09:31:10,2.66,0.0,1237,329142,卖盘
24,09:31:13,2.66,0.0,371,98696,卖盘
25,09:31:16,2.66,0.0,1229,326928,卖盘
26,09:31:19,2.66,0.0,168,44766,卖盘
27,09:31:21,2.67,0.01,1624,432152,买盘
28,09:31:25,2.66,-0.01,572,152122,卖盘
29,09:31:28,2.66,0.0,2680,712880,买盘
30,09:31:31,2.66,0.0,827,219482,买盘
31,09:31:34,2.66,0.0,440,117033,买盘
32,09:31:37,2.66,0.0,379,100813,买盘
33,09:31:40,2.66,0.0,288,76441,买盘
34,09:31:43,2.66,0.0,3952,1048518,买盘
35,09:31:46,2.66,0.0,972,258072,买盘
36,09:31:49,2.65,-0.01,937,248706,买盘
37,09:31:52,2.65,0.0,515,136475,买盘
38,09:31:55,2.65,0.0,439,116306,买盘
39,09:31:58,2.65,0.0,290,76834,买盘
40,09:32:00,2.65,0.0,605,160315,买盘
41,09:32:04,2.65,0.0,888,234748,买盘
42,09:32:07,2.65,0.0,736,194539,买盘
43,09:32:09,2.65,0.0,663,175406,买盘
44,09:32:13,2.65,0.0,907,240153,买盘
45,09:32:16,2.64,-0.01,296,78263,卖盘
46,09:32:19,2.65,0.01,876,232130,买盘
47,09:32:22,2.65,0.0,555,147068,买盘
48,09:32:25,2.65,0.0,1138,301550,买盘
49,09:32:28,2.65,0.0,1197,317205,买盘
50,09:32:30,2.65,0.0,2376,630193,卖盘
51,09:32:33,2.65,0.0,284,75258,买盘
52,09:32:37,2.66,0.01,521,138172,买盘
53,09:32:40,2.65,-0.01,79,20935,卖盘
54,09:32:43,2.65,0.0,1255,332781,卖盘
55,09:32:46,2.66,0.01,3364,891624,买盘
56,09:32:49,2.65,-0.01,484,128372,卖盘
57,09:32:51,2.65,0.0,144,38248,卖盘
58,09:32:55,2.66,0.01,181,48094,买盘
59,09:32:58,2.66,0.0,315,83785,买盘
60,09:33:01,2.66,0.0,901,239468,买盘
61,09:33:05,2.66,0.0,872,231544,买盘
62,09:33:07,2.66,0.0,179,47578,买盘
63,09:33:10,2.66,0.0,5247,1392342,买盘
64,09:33:13,2.66,0.0,1315,349715,买盘
65,09:33:16,2.66,0.0,351,93203,买盘
66,09:33:19,2.66,0.0,573,151918,买盘
67,09:33:21,2.66,0.0,642,170772,买盘
68,09:33:25,2.66,0.0,1284,341183,买盘
69,09:33:28,2.66,0.0,347,92302,买盘
70,09:33:31,2.66,0.0,372,98932,买盘
71,09:33:33,2.66,0.0,134,35644,卖盘
72,09:33:36,2.66,0.0,322,85683,卖盘
73,09:33:40,2.66,0.0,384,102216,卖盘
74,09:33:43,2.66,0.0,245,65175,卖盘
75,09:33:46,2.67,0.01,362,96624,买盘
76,09:33:49,2.66,-0.01,294,78392,卖盘
77,09:33:52,2.67,0.01,288,76890,买盘
78,09:33:55,2.67,0.0,760,202891,买盘
79,09:33:58,2.67,0.0,259,69061,买盘
80,09:34:01,2.67,0.0,1517,405029,买盘
81,09:34:03,2.67,0.0,1094,292088,买盘
82,09:34:06,2.67,0.0,2145,572686,买盘
83,09:34:10,2.67,0.0,1447,386319,买盘
84,09:34:13,2.67,0.0,412,110004,卖盘
85,09:34:16,2.67,0.0,387,103425,卖盘
86,09:34:19,2.68,0.01,166,44391,买盘
87,09:34:22,2.68,0.0,661,176740,买盘
88,09:34:25,2.68,0.0,751,200852,买盘
89,09:34:28,2.68,0.0,1629,436501,买盘
90,09:34:31,2.68,0.0,721,193157,买盘
91,09:34:34,2.68,0.0,561,150248,买盘
92,09:34:36,2.68,0.0,638,170983,买盘
93,09:34:40,2.68,0.0,1141,305541,买盘
94,09:34:43,2.68,0.0,991,265567,买盘
95,09:34:46,2.68,0.0,1302,348808,买盘
96,09:34:49,2.68,0.0,1365,365817,买盘
97,09:34:52,2.68,0.0,1736,464608,买盘
98,09:34:55,2.68,0.0,2214,593322,买盘
99,09:34:58,2.68,0.0,1688,452350,买盘
100,09:35:00,2.68,0.0,3154,845495,买盘
101,09:35:04,2.68,0.0,325,87177,卖盘
102,09:35:07,2.69,0.01,2169,581332,买盘
103,09:35:10,2.68,-0.01,629,168697,卖盘
104,09:35:13,2.68,0.0,837,224399,卖盘
105,09:35:16,2.69,0.01,1924,517229,买盘
106,09:35:18,2.69,0.0,1086,291750,买盘
107,09:35:22,2.69,0.0,365,98150,买盘
108,09:35:25,2.69,0.0,1228,330092,买盘
109,09:35:28,2.69,0.0,3744,1006934,买盘
110,09:35:31,2.69,0.0,1246,335099,买盘
111,09:35:34,2.69,0.0,1618,435446,买盘
112,09:35:37,2.69,0.0,191,51407,卖盘
113,09:35:40,2.69,0.0,703,189535,卖盘
114,09:35:42,2.69,0.0,878,236337,卖盘
115,09:35:46,2.7,0.01,819,220856,买盘
116,09:35:49,2.7,0.0,2119,571487,买盘
117,09:35:52,2.7,0.0,2857,771378,买盘
118,09:35:55,2.7,0.0,2106,568615,买盘
119,09:35:58,2.7,0.0,1257,339270,买盘
120,09:36:01,2.7,0.0,472,127680,卖盘
121,09:36:04,2.7,0.0,487,131694,卖盘
122,09:36:06,2.71,0.01,667,180407,买盘
123,09:36:10,2.71,0.0,671,181684,买盘
124,09:36:12,2.71,0.0,1433,388147,买盘
125,09:36:15,2.71,0.0,1769,479270,买盘
126,09:36:19,2.72,0.01,3511,950002,买盘
127,09:36:22,2.72,0.0,836,226802,买盘
128,09:36:24,2.71,-0.01,1796,487882,卖盘
129,09:36:28,2.72,0.01,931,252552,买盘
130,09:36:31,2.72,0.0,7591,2059278,买盘
131,09:36:34,2.72,0.0,2967,805916,买盘
132,09:36:37,2.72,0.0,3913,1064065,买盘
133,09:36:39,2.71,-0.01,8740,2376187,卖盘
134,09:36:43,2.71,0.0,2566,695790,卖盘
135,09:36:46,2.72,0.01,1614,437692,买盘
136,09:36:49,2.72,0.0,2955,801865,买盘
137,09:36:52,2.71,-0.01,1721,467020,中性盘
138,09:36:55,2.72,0.01,4157,1126551,买盘
139,09:36:58,2.71,-0.01,2242,606884,卖盘
140,09:37:00,2.71,0.0,1939,525167,买盘
141,09:37:04,2.71,0.0,3711,1005640,买盘
142,09:37:07,2.71,0.0,2568,694448,买盘
143,09:37:10,2.71,0.0,3273,885075,买盘
144,09:37:13,2.7,-0.01,881,237968,卖盘
145,09:37:16,2.7,0.0,655,176850,买盘
146,09:37:19,2.7,0.0,2802,756540,买盘
147,09:37:22,2.7,0.0,967,260997,买盘
148,09:37:25,2.7,0.0,1066,287532,买盘
149,09:37:27,2.69,-0.01,1646,443770,卖盘
150,09:37:30,2.7,0.01,1469,396470,买盘
151,09:37:34,2.7,0.0,3535,953800,买盘
152,09:37:37,2.7,0.0,569,153200,买盘
153,09:37:40,2.69,-0.01,1272,342508,卖盘
154,09:37:43,2.7,0.01,2465,664922,买盘
155,09:37:46,2.7,0.0,724,195265,买盘
156,09:37:49,2.7,0.0,2871,775081,买盘
157,09:37:51,2.69,-0.01,1314,354374,卖盘
158,09:37:54,2.69,0.0,1155,311072,卖盘
159,09:37:58,2.7,0.01,1101,296748,买盘
160,09:38:01,2.7,0.0,701,189198,买盘
161,09:38:04,2.7,0.0,220,59368,买盘
162,09:38:07,2.7,0.0,2381,642858,买盘
163,09:38:10,2.7,0.0,1810,488251,买盘
164,09:38:12,2.7,0.0,695,187625,买盘
165,09:38:15,2.7,0.0,1018,274534,买盘
166,09:38:19,2.69,-0.01,2073,559088,卖盘
167,09:38:22,2.7,0.01,3412,919313,买盘
168,09:38:25,2.7,0.0,875,236200,买盘
169,09:38:28,2.7,0.0,5016,1354320,买盘
170,09:38:31,2.7,0.0,548,148304,卖盘
171,09:38:34,2.7,0.0,783,211410,卖盘
172,09:38:36,2.7,0.0,2187,592549,卖盘
173,09:38:39,2.71,0.01,1870,506297,买盘
174,09:38:43,2.7,-0.01,2096,567590,卖盘
175,09:38:46,2.71,0.01,1883,509991,买盘
176,09:38:49,2.71,0.0,726,196970,买盘
177,09:38:51,2.71,0.0,809,219239,卖盘
178,09:38:54,2.72,0.01,327,88640,买盘
179,09:38:57,2.72,0.0,2612,710300,买盘
180,09:39:01,2.71,-0.01,2185,593062,卖盘
181,09:39:04,2.72,0.01,2393,650766,买盘
182,09:39:07,2.72,0.0,2478,673773,买盘
183,09:39:10,2.72,0.0,2014,547806,买盘
184,09:39:13,2.71,-0.01,1814,493258,卖盘
185,09:39:16,2.72,0.01,4968,1351203,买盘
186,09:39:19,2.72,0.0,5210,1417125,买盘
187,09:39:22,2.73,0.01,583,158592,买盘
188,09:39:25,2.72,-0.01,1892,514652,卖盘
189,09:39:28,2.73,0.01,1368,372126,买盘
190,09:39:30,2.72,-0.01,6227,1697270,卖盘
191,09:39:34,2.72,0.0,1362,370566,卖盘
192,09:39:37,2.73,0.01,4051,1102993,买盘
193,09:39:39,2.71,-0.02,1601,435404,卖盘
194,09:39:42,2.72,0.01,2082,566337,买盘
195,09:39:46,2.73,0.01,1664,453501,买盘
196,09:39:49,2.72,-0.01,1538,418331,卖盘
197,09:39:52,2.72,0.0,2245,611036,卖盘
198,09:39:55,2.73,0.01,1455,395985,买盘
199,09:39:57,2.72,-0.01,1082,294823,卖盘
200,09:40:01,2.73,0.01,2403,654365,买盘
201,09:40:04,2.73,0.0,1319,359607,买盘
202,09:40:07,2.73,0.0,1781,485550,买盘
203,09:40:10,2.73,0.0,4715,1286675,买盘
204,09:40:12,2.72,-0.01,895,243762,卖盘
205,09:40:16,2.73,0.01,2563,699119,买盘
206,09:40:19,2.73,0.0,1674,456730,买盘
207,09:40:22,2.73,0.0,1021,278510,买盘
208,09:40:25,2.73,0.0,1591,434297,买盘
209,09:40:28,2.73,0.0,3428,935747,买盘
210,09:40:31,2.73,0.0,2064,563436,买盘
211,09:40:34,2.73,0.0,273,74624,卖盘
212,09:40:37,2.73,0.0,1568,428187,卖盘
213,09:40:40,2.73,0.0,1490,407001,卖盘
214,09:40:43,2.74,0.01,1020,279066,买盘
215,09:40:46,2.74,0.0,664,181797,买盘
216,09:40:49,2.73,-0.01,415,113575,卖盘
217,09:40:51,2.74,0.01,2836,776949,买盘
218,09:40:55,2.73,-0.01,2571,704188,卖盘
219,09:40:58,2.74,0.01,2580,706344,买盘
220,09:41:01,2.74,0.0,4542,1244233,买盘
221,09:41:04,2.74,0.0,603,165357,卖盘
222,09:41:06,2.74,0.0,709,194401,卖盘
223,09:41:10,2.74,0.0,962,263874,卖盘
224,09:41:13,2.74,0.0,1027,281778,卖盘
225,09:41:16,2.75,0.01,909,249719,买盘
226,09:41:19,2.74,-0.01,1845,507205,卖盘
227,09:41:22,2.74,0.0,812,223084,卖盘
228,09:41:25,2.75,0.01,2118,582193,买盘
229,09:41:28,2.75,0.0,10080,2772032,买盘
230,09:41:30,2.75,0.0,951,261565,卖盘
231,09:41:34,2.75,0.0,2335,642396,卖盘
232,09:41:37,2.76,0.01,1942,535179,买盘
233,09:41:40,2.75,-0.01,3045,839377,卖盘
234,09:41:43,2.76,0.01,5927,1633517,买盘
235,09:41:46,2.76,0.0,1011,279077,买盘
236,09:41:49,2.77,0.01,1207,333401,买盘
237,09:41:52,2.76,-0.01,2161,596519,卖盘
238,09:41:54,2.77,0.01,2334,645938,买盘
239,09:41:57,2.77,0.0,2598,718239,买盘
240,09:42:01,2.77,0.0,4140,1145619,买盘
241,09:42:04,2.77,0.0,1774,491551,买盘
242,09:42:06,2.77,0.0,2300,637883,卖盘
243,09:42:10,2.78,0.01,2962,822071,买盘
244,09:42:13,2.77,-0.01,2924,812412,卖盘
245,09:42:16,2.78,0.01,4155,1154482,买盘
246,09:42:19,2.78,0.0,3257,904706,买盘
247,09:42:21,2.78,0.0,815,226769,卖盘
248,09:42:25,2.78,0.0,2135,593729,卖盘
249,09:42:28,2.78,0.0,2258,628276,卖盘
250,09:42:31,2.78,0.0,3038,847183,卖盘
251,09:42:34,2.78,0.0,5072,1411038,卖盘
252,09:42:37,2.79,0.01,4433,1234843,买盘
253,09:42:40,2.78,-0.01,2802,780664,卖盘
254,09:42:43,2.78,0.0,5478,1525686,卖盘
255,09:42:46,2.79,0.01,3304,921201,买盘
256,09:42:49,2.78,-0.01,3884,1082940,卖盘
257,09:42:52,2.79,0.01,4034,1123004,买盘
258,09:42:55,2.79,0.0,2522,702148,买盘
259,09:42:58,2.79,0.0,3186,886510,买盘
260,09:43:01,2.78,-0.01,2067,574326,卖盘
261,09:43:04,2.78,0.0,1825,507302,买盘
262,09:43:07,2.78,0.0,4114,1142046,买盘
263,09:43:09,2.78,0.0,2307,640483,买盘
264,09:43:12,2.77,-0.01,3447,956029,卖盘
265,09:43:16,2.77,0.0,1089,301588,买盘
266,09:43:19,2.77,0.0,1483,410791,买盘
267,09:43:22,2.77,0.0,780,215778,买盘
268,09:43:25,2.77,0.0,2498,690425,买盘
269,09:43:28,2.76,-0.01,796,219660,卖盘
270,09:43:31,2.76,0.0,305,84167,买盘
271,09:43:34,2.76,0.0,403,111218,买盘
272,09:43:36,2.76,0.0,2567,708088,买盘
273,09:43:39,2.76,0.0,1569,431613,买盘
274,09:43:42,2.76,0.0,1078,297195,买盘
275,09:43:46,2.75,-0.01,1466,403541,卖盘
276,09:43:49,2.76,0.01,1680,462623,买盘
277,09:43:52,2.75,-0.01,647,177829,买盘
278,09:43:54,2.75,0.0,2446,672977,买盘
279,09:43:57,2.75,0.0,575,158063,买盘
280,09:44:00,2.75,0.0,1240,340948,买盘
281,09:44:04,2.75,0.0,2564,705050,买盘
282,09:44:07,2.75,0.0,2136,586325,买盘
283,09:44:09,2.76,0.01,1444,397033,买盘
284,09:44:13,2.75,-0.01,1994,548874,卖盘
285,09:44:16,2.75,0.0,1339,368152,卖盘
286,09:44:19,2.76,0.01,1097,302204,买盘
287,09:44:22,2.76,0.0,635,174976,买盘
288,09:44:25,2.76,0.0,1066,293959,买盘
289,09:44:27,2.76,0.0,931,256606,买盘
290,09:44:30,2.76,0.0,4168,1150262,买盘
291,09:44:34,2.76,0.0,2580,712075,买盘
292,09:44:37,2.76,0.0,2539,700771,买盘
293,09:44:40,2.76,0.0,423,117052,卖盘
294,09:44:43,2.76,0.0,1037,286589,卖盘
295,09:44:46,2.76,0.0,1391,385042,卖盘
296,09:44:49,2.77,0.01,1893,524113,买盘
297,09:44:52,2.77,0.0,4681,1296881,买盘
298,09:44:55,2.78,0.01,5243,1451412,买盘
299,09:44:58,2.77,-0.01,15429,4294868,卖盘
300,09:45:01,2.78,0.01,541,149953,买盘
301,09:45:04,2.78,0.0,4555,1270334,买盘
302,09:45:06,2.78,0.0,440,122522,卖盘
303,09:45:10,2.78,0.0,726,202108,卖盘
304,09:45:13,2.79,0.01,2353,655259,买盘
305,09:45:16,2.79,0.0,1252,349478,卖盘
306,09:45:19,2.79,0.0,12775,3573514,卖盘
307,09:45:21,2.79,0.0,1863,520635,卖盘
308,09:45:25,2.8,0.01,2613,730680,买盘
309,09:45:28,2.8,0.0,3634,1017384,买盘
310,09:45:31,2.8,0.0,1859,521888,卖盘
311,09:45:34,2.81,0.01,2189,613228,买盘
312,09:45:36,2.81,0.0,824,231627,买盘
313,09:45:39,2.82,0.01,910,256493,买盘
314,09:45:43,2.81,-0.01,2407,678309,卖盘
315,09:45:46,2.82,0.01,2613,736515,买盘
316,09:45:49,2.82,0.0,4518,1277979,卖盘
317,09:45:52,2.83,0.01,1241,350986,买盘
318,09:45:55,2.83,0.0,2829,801794,买盘
319,09:45:57,2.83,0.0,2072,587366,卖盘
320,09:46:01,2.84,0.01,3704,1049715,买盘
321,09:46:04,2.85,0.01,6151,1745142,买盘
322,09:46:07,2.84,-0.01,2450,696355,卖盘
323,09:46:10,2.84,0.0,5042,1434896,卖盘
324,09:46:13,2.85,0.01,1638,466000,买盘
325,09:46:16,2.85,0.0,9807,2794966,买盘
326,09:46:19,2.85,0.0,4640,1324620,买盘
327,09:46:22,2.86,0.01,1469,419132,买盘
328,09:46:24,2.85,-0.01,1940,554174,卖盘
329,09:46:28,2.86,0.01,2425,693062,买盘
330,09:46:31,2.86,0.0,33452,9611495,买盘
331,09:46:34,2.86,0.0,26714,7690715,卖盘
332,09:46:36,2.88,0.02,74674,21501889,买盘
333,09:46:39,2.88,0.0,9229,2657284,买盘
334,09:46:43,2.88,0.0,5082,1463616,卖盘
335,09:46:46,2.88,0.0,3918,1128384,卖盘
336,09:46:49,2.88,0.0,7070,2036160,卖盘
337,09:46:52,2.88,0.0,6131,1765728,卖盘
338,09:46:55,2.88,0.0,5149,1482912,卖盘
339,09:46:57,2.88,0.0,5270,1517760,卖盘
340,09:47:00,2.88,0.0,12701,3657888,卖盘
341,09:47:04,2.88,0.0,5251,1512288,卖盘
342,09:47:06,2.88,0.0,3407,981216,卖盘
343,09:47:10,2.88,0.0,4058,1168704,卖盘
344,09:47:13,2.88,0.0,7054,2031552,卖盘
345,09:47:16,2.88,0.0,7773,2238624,卖盘
346,09:47:18,2.88,0.0,4241,1221408,卖盘
347,09:47:21,2.88,0.0,2402,691776,卖盘
348,09:47:24,2.88,0.0,4581,1319328,卖盘
349,09:47:28,2.88,0.0,1130,325440,卖盘
350,09:47:31,2.88,0.0,2781,800928,卖盘
351,09:47:33,2.88,0.0,1852,533376,卖盘
352,09:47:36,2.88,0.0,1484,427392,卖盘
353,09:47:40,2.88,0.0,2689,774432,卖盘
354,09:47:43,2.88,0.0,2089,601632,卖盘
355,09:47:46,2.88,0.0,4088,1177344,卖盘
356,09:47:49,2.88,0.0,2071,596448,卖盘
357,09:47:52,2.88,0.0,1832,527616,卖盘
358,09:47:54,2.88,0.0,6893,1985184,卖盘
359,09:47:57,2.88,0.0,1272,366336,卖盘
360,09:48:01,2.88,0.0,2079,598752,卖盘
361,09:48:04,2.88,0.0,3259,938627,卖盘
362,09:48:07,2.88,0.0,1126,324288,卖盘
363,09:48:10,2.88,0.0,1542,444096,卖盘
364,09:48:13,2.88,0.0,2710,780480,卖盘
365,09:48:16,2.88,0.0,3159,909792,卖盘
366,09:48:19,2.88,0.0,3228,929664,卖盘
367,09:48:22,2.88,0.0,8289,2387232,卖盘
368,09:48:24,2.88,0.0,14005,4033440,卖盘
369,09:48:28,2.88,0.0,14648,4218624,卖盘
370,09:48:30,2.88,0.0,7082,2039616,卖盘
371,09:48:34,2.88,0.0,8733,2514997,卖盘
372,09:48:37,2.88,0.0,6076,1749888,卖盘
373,09:48:40,2.88,0.0,3037,874656,卖盘
374,09:48:43,2.88,0.0,3716,1070208,卖盘
375,09:48:46,2.88,0.0,2649,762912,卖盘
376,09:48:49,2.88,0.0,1404,404352,卖盘
377,09:48:52,2.88,0.0,1445,416160,卖盘
378,09:48:55,2.88,0.0,2295,660960,卖盘
379,09:48:57,2.88,0.0,1374,395712,卖盘
380,09:49:01,2.88,0.0,596,171648,卖盘
381,09:49:04,2.88,0.0,2911,838368,卖盘
382,09:49:07,2.88,0.0,1178,339264,卖盘
383,09:49:10,2.88,0.0,628,180864,卖盘
384,09:49:13,2.88,0.0,1770,509760,卖盘
385,09:49:16,2.88,0.0,617,177696,卖盘
386,09:49:19,2.88,0.0,1739,500832,卖盘
387,09:49:22,2.88,0.0,2075,597600,卖盘
388,09:49:25,2.88,0.0,521,150048,卖盘
389,09:49:27,2.88,0.0,598,172224,卖盘
390,09:49:31,2.88,0.0,1383,398292,卖盘
391,09:49:34,2.88,0.0,796,229248,卖盘
392,09:49:37,2.88,0.0,1395,401760,卖盘
393,09:49:40,2.88,0.0,1161,334368,卖盘
394,09:49:43,2.88,0.0,431,124128,卖盘
395,09:49:46,2.88,0.0,1131,325728,卖盘
396,09:49:48,2.88,0.0,1587,457324,卖盘
397,09:49:51,2.88,0.0,1339,385632,卖盘
398,09:49:55,2.88,0.0,1217,350496,卖盘
399,09:49:57,2.88,0.0,641,184608,卖盘
400,09:50:01,2.88,0.0,1008,290304,卖盘
401,09:50:04,2.88,0.0,887,255456,卖盘
402,09:50:07,2.88,0.0,924,266112,卖盘
403,09:50:10,2.88,0.0,2562,737856,卖盘
404,09:50:13,2.88,0.0,895,257760,卖盘
405,09:50:16,2.88,0.0,1074,309312,卖盘
406,09:50:19,2.88,0.0,435,125280,卖盘
407,09:50:22,2.88,0.0,696,200448,卖盘
408,09:50:24,2.88,0.0,566,163008,卖盘
409,09:50:28,2.88,0.0,473,136224,卖盘
410,09:50:31,2.88,0.0,763,219744,卖盘
411,09:50:34,2.88,0.0,627,180576,卖盘
412,09:50:37,2.88,0.0,1046,301248,卖盘
413,09:50:40,2.88,0.0,2703,778464,卖盘
414,09:50:43,2.88,0.0,972,279936,卖盘
415,09:50:46,2.88,0.0,385,110880,卖盘
416,09:50:49,2.88,0.0,503,144864,卖盘
417,09:50:51,2.88,0.0,1065,306720,卖盘
418,09:50:55,2.88,0.0,365,105120,卖盘
419,09:50:57,2.88,0.0,2197,632736,卖盘
420,09:51:01,2.88,0.0,694,199872,卖盘
421,09:51:04,2.88,0.0,277,79776,卖盘
422,09:51:07,2.88,0.0,125,36000,卖盘
423,09:51:10,2.88,0.0,207,59616,卖盘
424,09:51:12,2.88,0.0,1404,404352,卖盘
425,09:51:16,2.88,0.0,239,68832,卖盘
426,09:51:19,2.88,0.0,2587,745056,卖盘
427,09:51:22,2.88,0.0,287,82656,卖盘
428,09:51:25,2.88,0.0,1124,323712,卖盘
429,09:51:28,2.88,0.0,445,128160,卖盘
430,09:51:30,2.88,0.0,489,140832,卖盘
431,09:51:34,2.88,0.0,1982,570816,卖盘
432,09:51:36,2.88,0.0,125,36000,卖盘
433,09:51:40,2.88,0.0,815,234720,卖盘
434,09:51:43,2.88,0.0,754,217152,卖盘
435,09:51:46,2.88,0.0,795,228960,卖盘
436,09:51:49,2.88,0.0,444,127872,卖盘
437,09:51:52,2.88,0.0,1145,329760,卖盘
438,09:51:55,2.88,0.0,521,150048,卖盘
439,09:51:58,2.88,0.0,81,23328,卖盘
440,09:52:00,2.88,0.0,500,144000,卖盘
441,09:52:03,2.88,0.0,336,96768,卖盘
442,09:52:07,2.88,0.0,1019,293472,卖盘
443,09:52:10,2.88,0.0,262,75456,卖盘
444,09:52:13,2.88,0.0,1130,325440,卖盘
445,09:52:16,2.88,0.0,427,122976,卖盘
446,09:52:19,2.88,0.0,274,78912,卖盘
447,09:52:22,2.88,0.0,848,244224,卖盘
448,09:52:25,2.88,0.0,189,54432,卖盘
449,09:52:27,2.88,0.0,505,145440,卖盘
450,09:52:30,2.88,0.0,1318,379584,卖盘
451,09:52:33,2.88,0.0,380,109440,卖盘
452,09:52:37,2.88,0.0,396,114048,卖盘
453,09:52:39,2.88,0.0,549,158112,卖盘
454,09:52:42,2.88,0.0,333,95904,卖盘
455,09:52:46,2.88,0.0,209,60192,卖盘
456,09:52:49,2.88,0.0,150,43200,卖盘
457,09:52:52,2.88,0.0,371,106848,卖盘
458,09:52:54,2.88,0.0,1096,315648,卖盘
459,09:52:58,2.88,0.0,389,112032,卖盘
460,09:53:01,2.88,0.0,587,169056,卖盘
461,09:53:04,2.88,0.0,634,182592,卖盘
462,09:53:07,2.88,0.0,319,91872,卖盘
463,09:53:10,2.88,0.0,839,241632,卖盘
464,09:53:13,2.88,0.0,590,169920,卖盘
465,09:53:16,2.88,0.0,406,116928,卖盘
466,09:53:19,2.88,0.0,313,90144,卖盘
467,09:53:22,2.88,0.0,354,101952,卖盘
468,09:53:25,2.88,0.0,2562,737856,卖盘
469,09:53:28,2.88,0.0,240,69120,卖盘
470,09:53:31,2.88,0.0,455,131040,卖盘
471,09:53:33,2.88,0.0,282,81216,卖盘
472,09:53:37,2.88,0.0,133,38304,卖盘
473,09:53:40,2.88,0.0,223,64224,卖盘
474,09:53:42,2.88,0.0,461,132768,卖盘
475,09:53:46,2.88,0.0,1314,378432,卖盘
476,09:53:49,2.88,0.0,155,44640,卖盘
477,09:53:51,2.88,0.0,425,122400,卖盘
478,09:53:55,2.88,0.0,1172,337536,卖盘
479,09:53:58,2.88,0.0,353,101664,卖盘
480,09:54:01,2.88,0.0,344,99072,卖盘
481,09:54:04,2.88,0.0,71,20448,卖盘
482,09:54:06,2.88,0.0,887,255456,卖盘
483,09:54:10,2.88,0.0,307,88416,卖盘
484,09:54:13,2.88,0.0,439,126432,卖盘
485,09:54:16,2.88,0.0,235,67680,卖盘
486,09:54:19,2.88,0.0,53,15264,卖盘
487,09:54:22,2.88,0.0,251,72288,卖盘
488,09:54:25,2.88,0.0,320,92160,卖盘
489,09:54:27,2.88,0.0,60,17280,卖盘
490,09:54:30,2.88,0.0,403,116064,卖盘
491,09:54:34,2.88,0.0,893,257184,卖盘
492,09:54:37,2.88,0.0,294,84672,卖盘
493,09:54:40,2.88,0.0,1141,328608,卖盘
494,09:54:43,2.88,0.0,348,100224,卖盘
495,09:54:46,2.88,0.0,378,108864,卖盘
496,09:54:49,2.88,0.0,130,37440,卖盘
497,09:54:52,2.88,0.0,189,54432,卖盘
498,09:54:54,2.88,0.0,551,158688,卖盘
499,09:54:57,2.88,0.0,606,174528,卖盘
500,09:55:00,2.88,0.0,438,126144,卖盘
501,09:55:04,2.88,0.0,477,137376,卖盘
502,09:55:06,2.88,0.0,499,143712,卖盘
503,09:55:09,2.88,0.0,80,23040,卖盘
504,09:55:12,2.88,0.0,129,37152,卖盘
505,09:55:15,2.88,0.0,901,259488,卖盘
506,09:55:19,2.88,0.0,653,188064,卖盘
507,09:55:22,2.88,0.0,567,163296,卖盘
508,09:55:25,2.88,0.0,1641,472608,卖盘
509,09:55:28,2.88,0.0,119,34272,卖盘
510,09:55:31,2.88,0.0,380,109440,卖盘
511,09:55:34,2.88,0.0,57,16416,卖盘
512,09:55:37,2.88,0.0,91,26208,卖盘
513,09:55:40,2.88,0.0,381,109728,卖盘
514,09:55:43,2.88,0.0,283,81504,卖盘
515,09:55:45,2.88,0.0,229,65952,卖盘
516,09:55:48,2.88,0.0,1150,331200,卖盘
517,09:55:52,2.88,0.0,1209,348192,卖盘
518,09:55:54,2.88,0.0,652,187776,卖盘
519,09:55:58,2.88,0.0,583,167904,卖盘
520,09:56:01,2.88,0.0,259,74592,卖盘
521,09:56:04,2.88,0.0,380,109440,卖盘
522,09:56:07,2.88,0.0,308,88704,卖盘
523,09:56:10,2.88,0.0,1228,353664,卖盘
524,09:56:13,2.88,0.0,758,218304,卖盘
525,09:56:16,2.88,0.0,1084,312192,卖盘
526,09:56:18,2.88,0.0,376,108288,卖盘
527,09:56:22,2.88,0.0,387,111456,卖盘
528,09:56:24,2.88,0.0,1123,323424,卖盘
529,09:56:28,2.88,0.0,99,28512,卖盘
530,09:56:31,2.88,0.0,614,176832,卖盘
531,09:56:34,2.88,0.0,112,32256,卖盘
532,09:56:37,2.88,0.0,481,138528,卖盘
533,09:56:39,2.88,0.0,902,259776,卖盘
534,09:56:42,2.88,0.0,358,103104,卖盘
535,09:56:46,2.88,0.0,1841,530208,卖盘
536,09:56:49,2.88,0.0,164,47232,卖盘
537,09:56:52,2.88,0.0,603,173664,卖盘
538,09:56:55,2.88,0.0,699,201312,卖盘
539,09:56:58,2.88,0.0,916,263808,卖盘
540,09:57:01,2.88,0.0,3137,903456,卖盘
541,09:57:04,2.88,0.0,7161,2062368,卖盘
542,09:57:07,2.88,0.0,28720,8271297,卖盘
543,09:57:10,2.88,0.0,38022,10950336,卖盘
544,09:57:13,2.87,-0.01,4997,1438439,卖盘
545,09:57:16,2.88,0.01,587,168558,买盘
546,09:57:19,2.87,-0.01,853,245250,卖盘
547,09:57:22,2.86,-0.01,246,70405,卖盘
548,09:57:25,2.87,0.01,686,196230,买盘
549,09:57:28,2.85,-0.02,610,174619,卖盘
550,09:57:30,2.85,0.0,901,257563,卖盘
551,09:57:33,2.85,0.0,185,52751,卖盘
552,09:57:37,2.85,0.0,2585,736879,卖盘
553,09:57:40,2.85,0.0,5431,1548859,卖盘
554,09:57:42,2.85,0.0,755,214934,卖盘
555,09:57:46,2.85,0.0,3062,869901,买盘
556,09:57:49,2.84,-0.01,909,257410,买盘
557,09:57:52,2.84,0.0,2088,592939,买盘
558,09:57:55,2.84,0.0,883,250282,买盘
559,09:57:58,2.83,-0.01,3840,1089534,卖盘
560,09:58:01,2.83,0.0,1536,434977,卖盘
561,09:58:04,2.83,0.0,2281,645173,买盘
562,09:58:07,2.82,-0.01,2064,584008,卖盘
563,09:58:09,2.82,0.0,2748,776669,卖盘
564,09:58:13,2.82,0.0,4867,1374691,卖盘
565,09:58:16,2.83,0.01,8549,2418262,买盘
566,09:58:19,2.83,0.0,4656,1316401,卖盘
567,09:58:22,2.83,0.0,5634,1591537,卖盘
568,09:58:24,2.84,0.01,2510,710387,买盘
569,09:58:28,2.83,-0.01,3090,875619,卖盘
570,09:58:31,2.84,0.01,5234,1485530,买盘
571,09:58:34,2.83,-0.01,8268,2342747,卖盘
572,09:58:36,2.84,0.01,8551,2427733,买盘
573,09:58:39,2.84,0.0,891,253119,卖盘
574,09:58:42,2.84,0.0,1573,447145,卖盘
575,09:58:46,2.85,0.01,2822,803419,买盘
576,09:58:49,2.85,0.0,6880,1960269,买盘
577,09:58:52,2.85,0.0,324,92446,卖盘
578,09:58:55,2.86,0.01,1169,334185,买盘
579,09:58:58,2.86,0.0,3660,1047409,买盘
580,09:59:01,2.87,0.01,1339,383725,买盘
581,09:59:04,2.87,0.0,4281,1228454,买盘
582,09:59:07,2.88,0.01,11119,3199496,买盘
583,09:59:09,2.87,-0.01,798,229352,卖盘
584,09:59:13,2.88,0.01,24671,7104441,买盘
585,09:59:16,2.87,-0.01,13277,3823313,卖盘
586,09:59:18,2.88,0.01,25250,7271441,买盘
587,09:59:22,2.88,0.0,8990,2589120,卖盘
588,09:59:25,2.88,0.0,4361,1255968,卖盘
589,09:59:28,2.88,0.0,8994,2590272,卖盘
590,09:59:31,2.88,0.0,6629,1909152,卖盘
591,09:59:34,2.88,0.0,6399,1842912,卖盘
592,09:59:37,2.88,0.0,5463,1573344,卖盘
593,09:59:40,2.88,0.0,2219,639072,卖盘
594,09:59:42,2.88,0.0,3525,1015200,卖盘
595,09:59:45,2.88,0.0,8847,2547936,卖盘
596,09:59:49,2.88,0.0,5932,1708416,卖盘
597,09:59:52,2.88,0.0,9105,2622240,卖盘
598,09:59:55,2.88,0.0,9933,2860704,卖盘
599,09:59:58,2.88,0.0,8913,2566944,卖盘
600,10:00:00,2.88,0.0,2003,576901,卖盘
601,10:00:04,2.87,-0.01,592,169940,卖盘
602,10:00:07,2.88,0.01,4590,1321438,买盘
603,10:00:10,2.87,-0.01,3538,1016061,卖盘
604,10:00:12,2.88,0.01,2255,647753,买盘
605,10:00:16,2.87,-0.01,4115,1181224,卖盘
606,10:00:19,2.87,0.0,994,284976,卖盘
607,10:00:22,2.87,0.0,873,250545,买盘
608,10:00:25,2.87,0.0,716,205335,买盘
609,10:00:27,2.86,-0.01,780,223842,卖盘
610,10:00:31,2.87,0.01,873,250179,买盘
611,10:00:34,2.86,-0.01,1290,369053,卖盘
612,10:00:37,2.86,0.0,897,256791,卖盘
613,10:00:40,2.86,0.0,5374,1537500,卖盘
614,10:00:42,2.86,0.0,767,219127,买盘
615,10:00:45,2.86,0.0,1167,333607,买盘
616,10:00:49,2.85,-0.01,1234,352709,卖盘
617,10:00:52,2.86,0.01,604,172510,买盘
618,10:00:55,2.85,-0.01,921,262982,卖盘
619,10:00:58,2.85,0.0,1757,501733,卖盘
620,10:01:01,2.85,0.0,1633,466478,卖盘
621,10:01:04,2.85,0.0,1386,395771,卖盘
622,10:01:07,2.86,0.01,2851,813277,买盘
623,10:01:10,2.85,-0.01,3719,1060833,卖盘
624,10:01:12,2.85,0.0,2110,602793,卖盘
625,10:01:16,2.85,0.0,3667,1045298,卖盘
626,10:01:19,2.86,0.01,2330,665776,买盘
627,10:01:22,2.86,0.0,2860,817337,买盘
628,10:01:25,2.86,0.0,2336,666670,买盘
629,10:01:28,2.87,0.01,1248,357019,买盘
630,10:01:31,2.86,-0.01,793,227051,卖盘
631,10:01:34,2.87,0.01,1206,345868,买盘
632,10:01:37,2.86,-0.01,3674,1054088,卖盘
633,10:01:40,2.87,0.01,3308,948225,买盘
634,10:01:43,2.86,-0.01,1481,424569,卖盘
635,10:01:46,2.87,0.01,1408,403883,买盘
636,10:01:48,2.87,0.0,1718,492654,买盘
637,10:01:52,2.87,0.0,1690,484751,买盘
638,10:01:54,2.87,0.0,1416,405922,买盘
639,10:01:58,2.87,0.0,2743,787196,买盘
640,10:02:01,2.88,0.01,877,251731,买盘
641,10:02:04,2.87,-0.01,2077,596692,卖盘
642,10:02:07,2.87,0.0,1574,452003,卖盘
643,10:02:10,2.88,0.01,3510,1010341,买盘
644,10:02:13,2.88,0.0,758,217819,买盘
645,10:02:16,2.87,-0.01,1326,381040,卖盘
646,10:02:19,2.88,0.01,477,137274,买盘
647,10:02:22,2.86,-0.02,6491,1863074,卖盘
648,10:02:24,2.87,0.01,899,258013,买盘
649,10:02:27,2.87,0.0,2651,761615,买盘
650,10:02:31,2.86,-0.01,1842,529792,卖盘
651,10:02:34,2.87,0.01,1049,301406,买盘
652,10:02:37,2.87,0.0,665,190922,买盘
653,10:02:40,2.87,0.0,538,154271,买盘
654,10:02:43,2.87,0.0,2264,649100,买盘
655,10:02:46,2.86,-0.01,2793,801250,卖盘
656,10:02:49,2.87,0.01,2263,649464,买盘
657,10:02:52,2.86,-0.01,1299,372726,卖盘
658,10:02:55,2.86,0.0,1264,362433,卖盘
659,10:02:57,2.86,0.0,1249,358368,卖盘
660,10:03:01,2.87,0.01,912,261744,买盘
661,10:03:04,2.87,0.0,886,254287,卖盘
662,10:03:06,2.86,-0.01,3997,1148503,卖盘
663,10:03:10,2.87,0.01,2317,664899,买盘
664,10:03:13,2.87,0.0,834,239339,买盘
665,10:03:16,2.87,0.0,551,158027,买盘
666,10:03:19,2.87,0.0,1453,416487,买盘
667,10:03:22,2.87,0.0,2038,584890,买盘
668,10:03:24,2.87,0.0,1936,554012,买盘
669,10:03:28,2.87,0.0,1716,492353,买盘
670,10:03:31,2.86,-0.01,1655,474175,卖盘
671,10:03:34,2.87,0.01,1607,461164,买盘
672,10:03:37,2.87,0.0,2251,645774,买盘
673,10:03:40,2.86,-0.01,816,233566,卖盘
674,10:03:43,2.87,0.01,1889,541607,买盘
675,10:03:46,2.86,-0.01,998,286394,卖盘
676,10:03:48,2.86,0.0,1370,392877,卖盘
677,10:03:52,2.86,0.0,374,107111,卖盘
678,10:03:55,2.86,0.0,1025,293894,卖盘
679,10:03:58,2.87,0.01,357,102394,买盘
680,10:04:01,2.87,0.0,1526,437757,买盘
681,10:04:04,2.87,0.0,366,104926,买盘
682,10:04:06,2.86,-0.01,783,224616,卖盘
683,10:04:10,2.86,0.0,1584,453859,卖盘
684,10:04:13,2.87,0.01,2241,642926,买盘
685,10:04:16,2.86,-0.01,1075,308398,卖盘
686,10:04:19,2.87,0.01,869,249158,买盘
687,10:04:22,2.86,-0.01,303,86892,卖盘
688,10:04:25,2.87,0.01,526,150704,买盘
689,10:04:28,2.87,0.0,624,178588,买盘
690,10:04:31,2.86,-0.01,2721,780500,卖盘
691,10:04:34,2.87,0.01,612,175435,买盘
692,10:04:37,2.87,0.0,899,257965,买盘
693,10:04:39,2.86,-0.01,659,188744,卖盘
694,10:04:42,2.87,0.01,1322,378683,买盘
695,10:04:45,2.87,0.0,1238,354951,买盘
696,10:04:49,2.87,0.0,1721,493180,买盘
697,10:04:52,2.87,0.0,636,182451,买盘
698,10:04:55,2.86,-0.01,426,122212,卖盘
699,10:04:58,2.86,0.0,762,218433,卖盘
700,10:05:01,2.87,0.01,1641,470593,买盘
701,10:05:04,2.86,-0.01,536,153459,卖盘
702,10:05:07,2.86,0.0,444,127061,卖盘
703,10:05:09,2.87,0.01,407,116503,买盘
704,10:05:13,2.87,0.0,1585,453471,买盘
705,10:05:16,2.86,-0.01,1624,465073,卖盘
706,10:05:19,2.86,0.0,2388,685238,卖盘
707,10:05:22,2.86,0.0,485,138768,卖盘
708,10:05:25,2.86,0.0,586,168067,卖盘
709,10:05:27,2.86,0.0,1039,297816,卖盘
710,10:05:31,2.86,0.0,194,55621,卖盘
711,10:05:34,2.87,0.01,949,272108,买盘
712,10:05:36,2.86,-0.01,1131,323616,卖盘
713,10:05:39,2.86,0.0,813,232549,卖盘
714,10:05:42,2.87,0.01,1770,507176,买盘
715,10:05:46,2.86,-0.01,541,154982,卖盘
716,10:05:49,2.86,0.0,3014,862309,卖盘
717,10:05:52,2.87,0.01,810,231739,买盘
718,10:05:55,2.87,0.0,1266,362174,买盘
719,10:05:58,2.86,-0.01,1538,440369,卖盘
720,10:06:01,2.87,0.01,1654,474037,买盘
721,10:06:04,2.87,0.0,1777,508369,买盘
722,10:06:06,2.86,-0.01,433,123870,卖盘
723,10:06:10,2.86,0.0,692,197932,买盘
724,10:06:13,2.86,0.0,465,132985,买盘
725,10:06:16,2.86,0.0,756,216216,买盘
726,10:06:19,2.86,0.0,396,113356,卖盘
727,10:06:22,2.86,0.0,520,148748,卖盘
728,10:06:25,2.87,0.01,394,112945,买盘
729,10:06:28,2.87,0.0,10295,2954432,买盘
730,10:06:31,2.86,-0.01,580,166068,卖盘
731,10:06:34,2.87,0.01,450,128732,买盘
732,10:06:37,2.86,-0.01,540,154547,卖盘
733,10:06:39,2.86,0.0,433,123964,卖盘
734,10:06:43,2.86,0.0,2338,670253,卖盘
735,10:06:45,2.87,0.01,884,253633,买盘
736,10:06:48,2.86,-0.01,1495,428386,卖盘
737,10:06:52,2.86,0.0,284,81439,卖盘
738,10:06:55,2.87,0.01,1180,338240,买盘
739,10:06:58,2.87,0.0,457,130934,买盘
740,10:07:01,2.86,-0.01,20,5723,卖盘
741,10:07:04,2.87,0.01,6443,1848941,买盘
742,10:07:06,2.87,0.0,254,72833,买盘
743,10:07:10,2.87,0.0,409,117257,买盘
744,10:07:12,2.86,-0.01,762,218116,卖盘
745,10:07:15,2.86,0.0,968,277772,卖盘
746,10:07:18,2.87,0.01,120,34399,买盘
747,10:07:22,2.87,0.0,612,175123,买盘
748,10:07:25,2.86,-0.01,765,219428,卖盘
749,10:07:28,2.86,0.0,772,220943,卖盘
750,10:07:31,2.87,0.01,634,181586,买盘
751,10:07:34,2.86,-0.01,316,90574,卖盘
752,10:07:37,2.86,0.0,36,10327,卖盘
753,10:07:39,2.87,0.01,388,111253,买盘
754,10:07:43,2.87,0.0,313,89684,买盘
755,10:07:46,2.86,-0.01,682,195613,卖盘
756,10:07:48,2.87,0.01,1029,294412,买盘
757,10:07:52,2.87,0.0,3069,880451,买盘
758,10:07:55,2.87,0.0,1594,456301,买盘
759,10:07:58,2.87,0.0,2221,635326,买盘
760,10:08:01,2.87,0.0,1311,375988,买盘
761,10:08:04,2.86,-0.01,1439,411612,卖盘
762,10:08:07,2.87,0.01,395,113192,买盘
763,10:08:10,2.86,-0.01,359,102732,卖盘
764,10:08:13,2.87,0.01,507,145250,买盘
765,10:08:16,2.86,-0.01,1542,441271,卖盘
766,10:08:19,2.86,0.0,59,16887,卖盘
767,10:08:22,2.87,0.01,218,62429,买盘
768,10:08:25,2.86,-0.01,1078,308364,卖盘
769,10:08:27,2.87,0.01,396,113300,买盘
770,10:08:31,2.87,0.0,459,131498,买盘
771,10:08:34,2.87,0.0,262,75096,买盘
772,10:08:37,2.87,0.0,586,167830,买盘
773,10:08:40,2.87,0.0,279,79697,买盘
774,10:08:43,2.87,0.0,128,36716,买盘
775,10:08:46,2.86,-0.01,1551,444113,卖盘
776,10:08:48,2.86,0.0,330,94636,卖盘
777,10:08:51,2.87,0.01,800,229068,买盘
778,10:08:55,2.87,0.0,150,43022,买盘
779,10:08:57,2.86,-0.01,666,190557,卖盘
780,10:09:01,2.87,0.01,290,83002,买盘
781,10:09:04,2.87,0.0,73,20921,买盘
782,10:09:07,2.87,0.0,98,28093,买盘
783,10:09:10,2.86,-0.01,306,87765,卖盘
784,10:09:13,2.86,0.0,1076,308009,卖盘
785,10:09:16,2.87,0.01,1231,352093,买盘
786,10:09:18,2.87,0.0,547,156560,买盘
787,10:09:22,2.86,-0.01,213,61030,卖盘
788,10:09:25,2.86,0.0,1604,459985,卖盘
789,10:09:28,2.86,0.0,276,78959,卖盘
790,10:09:30,2.87,0.01,444,127283,买盘
791,10:09:34,2.86,-0.01,714,204456,卖盘
792,10:09:37,2.87,0.01,125,35782,买盘
793,10:09:40,2.87,0.0,217,62140,买盘
794,10:09:43,2.86,-0.01,560,160555,卖盘
795,10:09:46,2.86,0.0,1827,522649,卖盘
796,10:09:49,2.86,0.0,329,94232,卖盘
797,10:09:52,2.86,0.0,1283,367939,卖盘
798,10:09:55,2.86,0.0,32,9154,卖盘
799,10:09:58,2.87,0.01,852,244390,买盘
800,10:10:01,2.87,0.0,241,68997,买盘
801,10:10:04,2.87,0.0,422,121092,买盘
802,10:10:06,2.86,-0.01,308,88143,卖盘
803,10:10:10,2.86,0.0,242,69402,卖盘
804,10:10:13,2.86,0.0,578,165705,卖盘
805,10:10:16,2.87,0.01,444,127014,买盘
806,10:10:19,2.87,0.0,1794,514760,买盘
807,10:10:22,2.86,-0.01,694,198931,卖盘
808,10:10:24,2.86,0.0,2962,848047,卖盘
809,10:10:28,2.87,0.01,1386,397092,买盘
810,10:10:31,2.87,0.0,220,63102,买盘
811,10:10:34,2.86,-0.01,164,46919,卖盘
812,10:10:36,2.87,0.01,41,11757,买盘
813,10:10:40,2.86,-0.01,571,163582,卖盘
814,10:10:43,2.87,0.01,143,41008,买盘
815,10:10:45,2.87,0.0,604,173261,买盘
816,10:10:49,2.87,0.0,2990,856282,买盘
817,10:10:51,2.87,0.0,310,88845,买盘
818,10:10:54,2.86,-0.01,141,40375,卖盘
819,10:10:58,2.86,0.0,1264,361600,卖盘
820,10:11:01,2.87,0.01,139,39893,买盘
821,10:11:04,2.87,0.0,582,166925,买盘
822,10:11:06,2.86,-0.01,554,158545,卖盘
823,10:11:10,2.87,0.01,426,122036,买盘
824,10:11:12,2.87,0.0,424,121688,买盘
825,10:11:15,2.86,-0.01,687,197082,卖盘
826,10:11:19,2.87,0.01,433,124015,买盘
827,10:11:22,2.86,-0.01,1605,459821,卖盘
828,10:11:25,2.86,0.0,797,228619,卖盘
829,10:11:28,2.86,0.0,124,35532,卖盘
830,10:11:31,2.86,0.0,371,106409,卖盘
831,10:11:34,2.86,0.0,2574,736471,卖盘
832,10:11:37,2.86,0.0,661,189444,卖盘
833,10:11:40,2.86,0.0,412,118009,卖盘
834,10:11:43,2.86,0.0,354,101415,卖盘
835,10:11:45,2.86,0.0,1624,465022,卖盘
836,10:11:49,2.86,0.0,1052,300873,卖盘
837,10:11:51,2.86,0.0,1069,305832,卖盘
838,10:11:55,2.86,0.0,613,175423,卖盘
839,10:11:58,2.87,0.01,1073,307168,买盘
840,10:12:01,2.86,-0.01,322,92197,卖盘
841,10:12:04,2.86,0.0,700,200200,卖盘
842,10:12:07,2.86,0.0,434,124237,卖盘
843,10:12:10,2.86,0.0,674,192831,卖盘
844,10:12:13,2.86,0.0,451,129083,卖盘
845,10:12:16,2.86,0.0,197,56360,卖盘
846,10:12:19,2.86,0.0,439,125723,卖盘
847,10:12:22,2.86,0.0,719,205679,卖盘
848,10:12:25,2.87,0.01,205,58742,买盘
849,10:12:27,2.86,-0.01,1192,340933,卖盘
850,10:12:31,2.86,0.0,230,65843,卖盘
851,10:12:34,2.86,0.0,317,90732,卖盘
852,10:12:37,2.86,0.0,923,264195,卖盘
853,10:12:39,2.86,0.0,225,64411,卖盘
854,10:12:42,2.86,0.0,1227,351039,卖盘
855,10:12:45,2.86,0.0,264,75690,卖盘
856,10:12:49,2.86,0.0,412,117834,卖盘
857,10:12:51,2.86,0.0,449,128671,卖盘
858,10:12:55,2.86,0.0,580,165890,卖盘
859,10:12:58,2.86,0.0,30,8580,买盘
860,10:13:01,2.86,0.0,209,59774,买盘
861,10:13:04,2.86,0.0,1742,498215,买盘
862,10:13:07,2.86,0.0,199,56926,买盘
863,10:13:10,2.86,0.0,127,36322,买盘
864,10:13:13,2.86,0.0,328,93730,买盘
865,10:13:16,2.86,0.0,3239,926354,买盘
866,10:13:19,2.87,0.01,163,46619,买盘
867,10:13:22,2.86,-0.01,190,54340,卖盘
868,10:13:25,2.87,0.01,586,167691,买盘
869,10:13:27,2.86,-0.01,2843,813130,卖盘
870,10:13:31,2.86,0.0,558,159790,卖盘
871,10:13:33,2.86,0.0,469,134163,卖盘
872,10:13:37,2.86,0.0,462,132205,卖盘
873,10:13:40,2.87,0.01,216,61791,买盘
874,10:13:43,2.87,0.0,226,64658,买盘
875,10:13:46,2.87,0.0,561,160827,买盘
876,10:13:48,2.86,-0.01,830,237435,卖盘
877,10:13:52,2.86,0.0,82,23473,卖盘
878,10:13:55,2.86,0.0,2443,700930,卖盘
879,10:13:58,2.87,0.01,307,88059,买盘
880,10:14:00,2.86,-0.01,133,38066,卖盘
881,10:14:04,2.86,0.0,429,122903,卖盘
882,10:14:07,2.87,0.01,1124,322033,买盘
883,10:14:10,2.87,0.0,241,68987,买盘
884,10:14:13,2.86,-0.01,456,130686,卖盘
885,10:14:16,2.87,0.01,115,32985,买盘
886,10:14:19,2.86,-0.01,1635,467683,卖盘
887,10:14:22,2.87,0.01,731,209397,买盘
888,10:14:25,2.87,0.0,428,122452,买盘
889,10:14:28,2.86,-0.01,49,14027,卖盘
890,10:14:31,2.86,0.0,1116,320275,卖盘
891,10:14:34,2.86,0.0,349,99979,卖盘
892,10:14:37,2.87,0.01,680,195152,买盘
893,10:14:39,2.87,0.0,1181,337832,买盘
894,10:14:43,2.86,-0.01,210,60234,卖盘
895,10:14:46,2.87,0.01,1039,298193,买盘
896,10:14:49,2.86,-0.01,408,116896,卖盘
897,10:14:52,2.86,0.0,341,97696,卖盘
898,10:14:54,2.86,0.0,75,21450,卖盘
899,10:14:58,2.86,0.0,300,85994,卖盘
900,10:15:01,2.86,0.0,93,26627,卖盘
901,10:15:04,2.86,0.0,176,50492,卖盘
902,10:15:07,2.87,0.01,833,238323,买盘
903,10:15:09,2.87,0.0,1022,292751,买盘
904,10:15:13,2.87,0.0,474,135986,买盘
905,10:15:15,2.87,0.0,78,22373,买盘
906,10:15:19,2.87,0.0,253,72601,买盘
907,10:15:22,2.86,-0.01,560,160639,卖盘
908,10:15:25,2.87,0.01,77,22059,买盘
909,10:15:28,2.87,0.0,366,105024,买盘
910,10:15:31,2.86,-0.01,1453,415782,卖盘
911,10:15:33,2.87,0.01,574,164649,买盘
912,10:15:37,2.87,0.0,39,11157,买盘
913,10:15:39,2.87,0.0,191,54817,买盘
914,10:15:43,2.87,0.0,332,95036,买盘
915,10:15:45,2.87,0.0,605,173613,买盘
916,10:15:48,2.87,0.0,330,94663,买盘
917,10:15:52,2.87,0.0,300,85986,买盘
918,10:15:55,2.87,0.0,400,114605,买盘
919,10:15:58,2.87,0.0,693,198805,买盘
920,10:16:01,2.86,-0.01,396,113357,卖盘
921,10:16:04,2.86,0.0,691,198276,卖盘
922,10:16:06,2.86,0.0,623,178277,卖盘
923,10:16:10,2.86,0.0,175,50162,卖盘
924,10:16:13,2.87,0.01,1851,530975,买盘
925,10:16:16,2.86,-0.01,247,70842,卖盘
926,10:16:19,2.87,0.01,940,269758,买盘
927,10:16:22,2.87,0.0,293,83933,买盘
928,10:16:25,2.87,0.0,506,144832,买盘
929,10:16:28,2.87,0.0,1793,514556,买盘
930,10:16:31,2.87,0.0,570,163590,买盘
931,10:16:34,2.86,-0.01,1223,350930,卖盘
932,10:16:37,2.87,0.01,368,105608,买盘
933,10:16:40,2.86,-0.01,401,114996,卖盘
934,10:16:42,2.87,0.01,213,61078,买盘
935,10:16:46,2.87,0.0,823,236098,买盘
936,10:16:48,2.86,-0.01,315,90163,卖盘
937,10:16:52,2.86,0.0,235,67356,卖盘
938,10:16:55,2.86,0.0,629,180307,卖盘
939,10:16:58,2.87,0.01,1129,323612,买盘
940,10:17:01,2.86,-0.01,162,46381,卖盘
941,10:17:04,2.87,0.01,434,124558,买盘
942,10:17:07,2.86,-0.01,1400,400669,卖盘
943,10:17:09,2.87,0.01,289,82907,买盘
944,10:17:12,2.87,0.0,316,90692,买盘
945,10:17:16,2.87,0.0,88,25223,买盘
946,10:17:19,2.87,0.0,177,50760,买盘
947,10:17:22,2.86,-0.01,297,85153,卖盘
948,10:17:24,2.87,0.01,633,181303,买盘
949,10:17:28,2.86,-0.01,733,210014,卖盘
950,10:17:30,2.86,0.0,4997,1434099,卖盘
951,10:17:34,2.87,0.01,953,273496,买盘
952,10:17:36,2.86,-0.01,4838,1387952,卖盘
953,10:17:39,2.86,0.0,1609,461492,卖盘
954,10:17:43,2.86,0.0,2625,753048,卖盘
955,10:17:46,2.87,0.01,2469,708561,买盘
956,10:17:49,2.87,0.0,2923,838901,买盘
957,10:17:52,2.87,0.0,855,245486,卖盘
958,10:17:55,2.88,0.01,831,238499,买盘
959,10:17:58,2.88,0.0,419,120279,买盘
960,10:18:01,2.88,0.0,537,154445,买盘
961,10:18:04,2.88,0.0,626,180099,买盘
962,10:18:07,2.88,0.0,222,63934,买盘
963,10:18:10,2.88,0.0,564,162286,买盘
964,10:18:13,2.88,0.0,2560,736497,买盘
965,10:18:16,2.88,0.0,495,142548,买盘
966,10:18:19,2.88,0.0,731,210405,买盘
967,10:18:21,2.88,0.0,970,279221,买盘
968,10:18:24,2.88,0.0,707,203453,买盘
969,10:18:28,2.88,0.0,628,180827,买盘
970,10:18:31,2.87,-0.01,1662,478310,卖盘
971,10:18:34,2.88,0.01,634,182592,买盘
972,10:18:37,2.88,0.0,254,73152,买盘
973,10:18:40,2.87,-0.01,166,47736,卖盘
974,10:18:42,2.87,0.0,183,52554,卖盘
975,10:18:46,2.88,0.01,231,66455,买盘
976,10:18:49,2.88,0.0,74,21303,买盘
977,10:18:52,2.87,-0.01,203,58418,卖盘
978,10:18:54,2.88,0.01,206,59191,买盘
979,10:18:58,2.88,0.0,278,80049,买盘
980,10:19:01,2.87,-0.01,682,196385,卖盘
981,10:19:04,2.88,0.01,134,38592,买盘
982,10:19:07,2.88,0.0,933,268634,买盘
983,10:19:10,2.87,-0.01,1560,448694,卖盘
984,10:19:13,2.87,0.0,433,124554,卖盘
985,10:19:16,2.88,0.01,747,215050,买盘
986,10:19:19,2.87,-0.01,562,161851,卖盘
987,10:19:22,2.88,0.01,852,244962,买盘
988,10:19:25,2.87,-0.01,1174,337386,卖盘
989,10:19:28,2.88,0.01,68,19575,买盘
990,10:19:31,2.87,-0.01,235,67623,卖盘
991,10:19:34,2.88,0.01,66,18990,买盘
992,10:19:37,2.88,0.0,1205,347010,买盘
993,10:19:40,2.87,-0.01,789,227025,卖盘
994,10:19:42,2.88,0.01,257,73964,买盘
995,10:19:46,2.88,0.0,320,92160,买盘
996,10:19:48,2.87,-0.01,451,129659,卖盘
997,10:19:52,2.88,0.01,346,99389,买盘
998,10:19:54,2.88,0.0,387,111073,买盘
999,10:19:58,2.87,-0.01,51,14660,卖盘
1000,10:20:01,2.87,0.0,5312,1524653,卖盘
1001,10:20:04,2.87,0.0,327,94003,卖盘
1002,10:20:07,2.87,0.0,1440,414528,卖盘
1003,10:20:09,2.87,0.0,561,161190,卖盘
1004,10:20:12,2.88,0.01,177,50908,买盘
1005,10:20:16,2.88,0.0,267,76653,买盘
1006,10:20:19,2.87,-0.01,1448,415909,卖盘
1007,10:20:22,2.87,0.0,127,36486,卖盘
1008,10:20:25,2.88,0.01,876,252083,买盘
1009,10:20:28,2.87,-0.01,53,15252,卖盘
1010,10:20:31,2.88,0.01,331,95256,买盘
1011,10:20:34,2.88,0.0,264,75897,买盘
1012,10:20:37,2.87,-0.01,477,137103,卖盘
1013,10:20:40,2.87,0.0,356,102398,卖盘
1014,10:20:43,2.87,0.0,536,154176,卖盘
1015,10:20:46,2.87,0.0,125,35879,卖盘
1016,10:20:49,2.87,0.0,799,229971,卖盘
1017,10:20:52,2.88,0.01,804,230777,买盘
1018,10:20:55,2.88,0.0,459,131998,买盘
1019,10:20:58,2.88,0.0,678,195165,买盘
1020,10:21:01,2.88,0.0,309,88981,买盘
1021,10:21:04,2.88,0.0,405,116335,买盘
1022,10:21:06,2.88,0.0,753,216864,买盘
1023,10:21:09,2.88,0.0,1652,474995,买盘
1024,10:21:13,2.88,0.0,526,151278,买盘
1025,10:21:15,2.88,0.0,191,54899,买盘
1026,10:21:19,2.88,0.0,604,173677,买盘
1027,10:21:22,2.87,-0.01,246,70705,卖盘
1028,10:21:25,2.88,0.01,326,93848,买盘
1029,10:21:28,2.87,-0.01,199,57179,卖盘
1030,10:21:31,2.88,0.01,128,36815,买盘
1031,10:21:34,2.87,-0.01,176,50641,卖盘
1032,10:21:37,2.88,0.01,216,62166,买盘
1033,10:21:40,2.87,-0.01,169,48540,卖盘
1034,10:21:42,2.88,0.01,772,221649,买盘
1035,10:21:46,2.88,0.0,662,190346,买盘
1036,10:21:49,2.88,0.0,280,80584,买盘
1037,10:21:51,2.88,0.0,97,27900,买盘
1038,10:21:55,2.88,0.0,242,69605,买盘
1039,10:21:58,2.87,-0.01,700,200946,卖盘
1040,10:22:01,2.87,0.0,129,37095,卖盘
1041,10:22:04,2.88,0.01,578,166014,买盘
1042,10:22:07,2.88,0.0,994,286137,买盘
1043,10:22:10,2.88,0.0,1056,303774,买盘
1044,10:22:12,2.88,0.0,3376,972200,买盘
1045,10:22:16,2.88,0.0,160,46077,买盘
1046,10:22:19,2.88,0.0,294,84622,买盘
1047,10:22:22,2.88,0.0,1413,405824,买盘
1048,10:22:25,2.87,-0.01,108,31085,卖盘
1049,10:22:27,2.87,0.0,547,157337,卖盘
1050,10:22:30,2.88,0.01,345,99162,买盘
1051,10:22:34,2.88,0.0,447,128647,买盘
1052,10:22:36,2.87,-0.01,527,151277,卖盘
1053,10:22:39,2.88,0.01,174,50064,买盘
1054,10:22:42,2.87,-0.01,78,22453,卖盘
1055,10:22:45,2.88,0.01,20,5760,买盘
1056,10:22:48,2.88,0.0,283,81504,买盘
1057,10:22:51,2.87,-0.01,361,103809,卖盘
1058,10:22:55,2.87,0.0,499,143243,卖盘
1059,10:22:58,2.87,0.0,99,28425,卖盘
1060,10:23:01,2.87,0.0,715,205215,卖盘
1061,10:23:04,2.88,0.01,295,84854,买盘
1062,10:23:07,2.88,0.0,115,33074,买盘
1063,10:23:09,2.87,-0.01,409,117579,卖盘
1064,10:23:13,2.88,0.01,226,64953,买盘
1065,10:23:16,2.87,-0.01,554,159168,卖盘
1066,10:23:18,2.87,0.0,92,26423,卖盘
1067,10:23:22,2.87,0.0,693,199216,卖盘
1068,10:23:25,2.88,0.01,277,79603,买盘
1069,10:23:28,2.88,0.0,118,33924,买盘
1070,10:23:31,2.88,0.0,1516,436598,买盘
1071,10:23:34,2.88,0.0,148,42554,买盘
1072,10:23:37,2.87,-0.01,1015,292226,卖盘
1073,10:23:40,2.87,0.0,828,238312,卖盘
1074,10:23:42,2.87,0.0,174,49985,卖盘
1075,10:23:46,2.87,0.0,1072,308617,卖盘
1076,10:23:48,2.88,0.01,1024,293982,买盘
1077,10:23:52,2.87,-0.01,258,74299,卖盘
1078,10:23:55,2.87,0.0,70,20116,卖盘
1079,10:23:58,2.87,0.0,629,180546,卖盘
1080,10:24:00,2.88,0.01,54,15552,买盘
1081,10:24:04,2.87,-0.01,546,156817,卖盘
1082,10:24:07,2.87,0.0,1459,419347,卖盘
1083,10:24:10,2.87,0.0,1291,370856,卖盘
1084,10:24:13,2.87,0.0,495,142505,卖盘
1085,10:24:16,2.87,0.0,57,16359,卖盘
1086,10:24:19,2.88,0.01,539,154874,买盘
1087,10:24:22,2.88,0.0,1637,470373,买盘
1088,10:24:25,2.88,0.0,392,112712,买盘
1089,10:24:28,2.87,-0.01,490,140677,卖盘
1090,10:24:31,2.88,0.01,514,147844,买盘
1091,10:24:33,2.88,0.0,309,88799,买盘
1092,10:24:37,2.88,0.0,623,178974,买盘
1093,10:24:40,2.87,-0.01,556,159585,卖盘
1094,10:24:42,2.87,0.0,141,40473,卖盘
1095,10:24:46,2.87,0.0,205,58941,卖盘
1096,10:24:49,2.88,0.01,201,57820,买盘
1097,10:24:51,2.87,-0.01,642,184670,卖盘
1098,10:24:54,2.87,0.0,205,58850,卖盘
1099,10:24:57,2.87,0.0,72,20666,卖盘
1100,10:25:01,2.87,0.0,614,176758,卖盘
1101,10:25:04,2.88,0.01,172,49443,买盘
1102,10:25:07,2.88,0.0,204,58567,买盘
1103,10:25:10,2.87,-0.01,82,23534,卖盘
1104,10:25:13,2.87,0.0,555,159344,卖盘
1105,10:25:16,2.87,0.0,41,11767,卖盘
1106,10:25:18,2.88,0.01,536,153849,买盘
1107,10:25:21,2.88,0.0,116,33324,买盘
1108,10:25:25,2.87,-0.01,400,114803,卖盘
1109,10:25:28,2.88,0.01,417,120000,买盘
1110,10:25:31,2.88,0.0,109,31353,买盘
1111,10:25:34,2.87,-0.01,899,258335,卖盘
1112,10:25:36,2.88,0.01,84,24152,买盘
1113,10:25:39,2.87,-0.01,65,18665,卖盘
1114,10:25:43,2.87,0.0,1551,445151,卖盘
1115,10:25:46,2.87,0.0,285,81899,卖盘
1116,10:25:48,2.88,0.01,1002,288331,买盘
1117,10:25:52,2.87,-0.01,382,109658,卖盘
1118,10:25:55,2.87,0.0,1461,419404,卖盘
1119,10:25:58,2.88,0.01,209,60036,买盘
1120,10:26:00,2.87,-0.01,1258,361219,卖盘
1121,10:26:04,2.87,0.0,617,177153,卖盘
1122,10:26:06,2.88,0.01,285,81841,买盘
1123,10:26:10,2.87,-0.01,444,127440,卖盘
1124,10:26:13,2.87,0.0,793,228154,卖盘
1125,10:26:16,2.87,0.0,545,156606,卖盘
1126,10:26:19,2.88,0.01,585,167920,买盘
1127,10:26:22,2.87,-0.01,130,37325,卖盘
1128,10:26:25,2.87,0.0,736,211232,卖盘
1129,10:26:28,2.87,0.0,74,21238,买盘
1130,10:26:31,2.87,0.0,425,121975,买盘
1131,10:26:34,2.87,0.0,60,17220,买盘
1132,10:26:37,2.87,0.0,174,49929,买盘
1133,10:26:40,2.87,0.0,247,70828,买盘
1134,10:26:43,2.87,0.0,93,26635,买盘
1135,10:26:46,2.87,0.0,207,59347,买盘
1136,10:26:49,2.87,0.0,328,94110,买盘
1137,10:26:52,2.86,-0.01,860,246770,卖盘
1138,10:26:55,2.86,0.0,136,38946,卖盘
1139,10:26:57,2.86,0.0,109,31219,卖盘
1140,10:27:01,2.86,0.0,68,19469,卖盘
1141,10:27:04,2.86,0.0,204,58437,卖盘
1142,10:27:07,2.87,0.01,69,19758,买盘
1143,10:27:10,2.86,-0.01,299,85664,卖盘
1144,10:27:13,2.87,0.01,200,57393,买盘
1145,10:27:16,2.86,-0.01,134,38427,卖盘
1146,10:27:19,2.86,0.0,146,41886,卖盘
1147,10:27:22,2.87,0.01,1359,388806,买盘
1148,10:27:24,2.86,-0.01,409,117178,卖盘
1149,10:27:28,2.87,0.01,225,64530,买盘
1150,10:27:31,2.87,0.0,1000,287000,买盘
1151,10:27:34,2.87,0.0,158,45257,买盘
1152,10:27:36,2.87,0.0,2029,582111,买盘
1153,10:27:40,2.87,0.0,17,4874,买盘
1154,10:27:42,2.87,0.0,414,118690,买盘
1155,10:27:45,2.87,0.0,702,201335,买盘
1156,10:27:49,2.87,0.0,443,126789,买盘
1157,10:27:52,2.87,0.0,96,27552,买盘
1158,10:27:54,2.86,-0.01,210,60155,卖盘
1159,10:27:58,2.87,0.01,422,121114,买盘
1160,10:28:01,2.87,0.0,298,85496,买盘
1161,10:28:04,2.86,-0.01,228,65385,卖盘
1162,10:28:06,2.86,0.0,21,6023,卖盘
1163,10:28:10,2.86,0.0,175,50224,卖盘
1164,10:28:13,2.87,0.01,63,18070,买盘
1165,10:28:16,2.87,0.0,241,69093,买盘
1166,10:28:19,2.86,-0.01,560,160295,卖盘
1167,10:28:22,2.86,0.0,220,63103,卖盘
1168,10:28:25,2.87,0.01,273,78218,买盘
1169,10:28:28,2.86,-0.01,151,43331,卖盘
1170,10:28:30,2.87,0.01,445,127665,买盘
1171,10:28:33,2.87,0.0,69,19741,买盘
1172,10:28:37,2.86,-0.01,301,86287,卖盘
1173,10:28:40,2.86,0.0,156,44739,卖盘
1174,10:28:43,2.86,0.0,40,11460,卖盘
1175,10:28:48,2.87,0.01,282,80669,买盘
1176,10:28:52,2.87,0.0,1107,317707,买盘
1177,10:28:54,2.86,-0.01,6,1719,卖盘
1178,10:28:58,2.87,0.01,60,17180,买盘
1179,10:29:00,2.86,-0.01,94,26924,卖盘
1180,10:29:04,2.87,0.01,3,861,买盘
1181,10:29:06,2.87,0.0,74,21210,买盘
1182,10:29:09,2.86,-0.01,105,30132,卖盘
1183,10:29:13,2.86,0.0,150,42910,卖盘
1184,10:29:15,2.86,0.0,125,35768,卖盘
1185,10:29:18,2.87,0.01,35,10025,买盘
1186,10:29:21,2.87,0.0,386,110697,买盘
1187,10:29:24,2.87,0.0,243,69623,买盘
1188,10:29:28,2.87,0.0,1348,385829,买盘
1189,10:29:30,2.87,0.0,49,14021,买盘
1190,10:29:33,2.86,-0.01,391,111826,卖盘
1191,10:29:37,2.87,0.01,419,119953,买盘
1192,10:29:40,2.87,0.0,356,102095,买盘
1193,10:29:43,2.86,-0.01,381,109286,卖盘
1194,10:29:46,2.87,0.01,195,55955,买盘
1195,10:29:49,2.87,0.0,234,67106,买盘
1196,10:29:52,2.87,0.0,645,185114,买盘
1197,10:29:55,2.86,-0.01,525,150404,卖盘
1198,10:29:58,2.86,0.0,178,51041,卖盘
1199,10:30:00,2.87,0.01,548,157119,买盘
1200,10:30:04,2.87,0.0,236,67506,买盘
1201,10:30:07,2.87,0.0,218,62361,买盘
1202,10:30:10,2.86,-0.01,214,61308,卖盘
1203,10:30:12,2.87,0.01,325,93275,买盘
1204,10:30:16,2.87,0.0,160,45874,买盘
1205,10:30:19,2.86,-0.01,77,22097,卖盘
1206,10:30:22,2.87,0.01,585,167695,买盘
1207,10:30:25,2.86,-0.01,213,61085,卖盘
1208,10:30:28,2.87,0.01,340,97250,买盘
1209,10:30:31,2.86,-0.01,730,209109,卖盘
1210,10:30:34,2.87,0.01,292,83554,买盘
1211,10:30:37,2.86,-0.01,79,22658,卖盘
1212,10:30:40,2.87,0.01,58,16642,买盘
1213,10:30:43,2.87,0.0,832,238609,买盘
1214,10:30:46,2.86,-0.01,233,66837,卖盘
1215,10:30:48,2.87,0.01,222,63671,买盘
1216,10:30:51,2.87,0.0,57,16311,买盘
1217,10:30:54,2.86,-0.01,590,169096,卖盘
1218,10:30:58,2.87,0.01,348,99643,买盘
1219,10:31:00,2.86,-0.01,213,60993,卖盘
1220,10:31:04,2.87,0.01,119,34049,买盘
1221,10:31:06,2.87,0.0,103,29561,买盘
1222,10:31:09,2.86,-0.01,600,172006,卖盘
1223,10:31:12,2.86,0.0,189,54180,卖盘
1224,10:31:16,2.87,0.01,149,42760,买盘
1225,10:31:19,2.86,-0.01,52,14919,卖盘
1226,10:31:21,2.87,0.01,296,84930,买盘
1227,10:31:25,2.86,-0.01,313,89701,卖盘
1228,10:31:28,2.86,0.0,513,147133,卖盘
1229,10:31:31,2.87,0.01,200,57400,买盘
1230,10:31:34,2.86,-0.01,31,8878,卖盘
1231,10:31:37,2.86,0.0,709,202972,卖盘
1232,10:31:39,2.87,0.01,102,29258,买盘
1233,10:31:43,2.87,0.0,1154,331148,买盘
1234,10:31:46,2.87,0.0,201,57687,买盘
1235,10:31:48,2.87,0.0,297,85220,买盘
1236,10:31:52,2.87,0.0,651,186837,买盘
1237,10:31:55,2.87,0.0,508,145683,买盘
1238,10:31:57,2.87,0.0,160,45920,买盘
1239,10:32:01,2.87,0.0,69,19803,买盘
1240,10:32:04,2.87,0.0,79,22673,买盘
1241,10:32:07,2.87,0.0,201,57587,买盘
1242,10:32:10,2.87,0.0,320,91819,买盘
1243,10:32:13,2.86,-0.01,68,19506,卖盘
1244,10:32:16,2.87,0.01,349,100163,买盘
1245,10:32:18,2.87,0.0,196,56252,买盘
1246,10:32:21,2.87,0.0,348,99876,买盘
1247,10:32:25,2.87,0.0,28,8020,买盘
1248,10:32:28,2.87,0.0,5037,1445589,买盘
1249,10:32:31,2.86,-0.01,568,162582,卖盘
1250,10:32:33,2.87,0.01,61,17494,买盘
1251,10:32:36,2.87,0.0,1585,453405,买盘
1252,10:32:39,2.87,0.0,2615,750475,买盘
1253,10:32:42,2.87,0.0,872,250243,买盘
1254,10:32:46,2.87,0.0,388,111346,买盘
1255,10:32:49,2.87,0.0,2857,819959,买盘
1256,10:32:52,2.87,0.0,50,14350,卖盘
1257,10:32:55,2.87,0.0,88,25256,卖盘
1258,10:32:58,2.87,0.0,141,40467,卖盘
1259,10:33:01,2.87,0.0,163,46889,卖盘
1260,10:33:04,2.88,0.01,1750,504000,买盘
1261,10:33:07,2.87,-0.01,404,116171,卖盘
1262,10:33:09,2.88,0.01,35,10056,买盘
1263,10:33:13,2.88,0.0,240,69117,买盘
1264,10:33:16,2.87,-0.01,662,190152,卖盘
1265,10:33:18,2.87,0.0,209,60112,卖盘
1266,10:33:22,2.88,0.01,5354,1541860,买盘
1267,10:33:25,2.87,-0.01,23,6601,卖盘
1268,10:33:28,2.88,0.01,13018,3748983,买盘
1269,10:33:31,2.88,0.0,1066,306820,买盘
1270,10:33:34,2.88,0.0,40604,11693950,买盘
1271,10:33:36,2.88,0.0,78111,22496097,买盘
1272,10:33:40,2.88,0.0,185,53280,卖盘
1273,10:33:43,2.88,0.0,29,8352,卖盘
1274,10:33:45,2.88,0.0,218,62784,卖盘
1275,10:33:49,2.88,0.0,532,153216,卖盘
1276,10:33:52,2.88,0.0,104,29952,卖盘
1277,10:33:55,2.88,0.0,236,67968,卖盘
1278,10:33:58,2.88,0.0,1057,304416,卖盘
1279,10:34:01,2.88,0.0,116,33408,卖盘
1280,10:34:03,2.88,0.0,50,14400,卖盘
1281,10:34:06,2.88,0.0,474,136512,卖盘
1282,10:34:10,2.88,0.0,29,8352,卖盘
1283,10:34:13,2.88,0.0,12,3456,卖盘
1284,10:34:16,2.88,0.0,132,38016,卖盘
1285,10:34:19,2.88,0.0,176,50688,卖盘
1286,10:34:25,2.88,0.0,724,208512,卖盘
1287,10:34:27,2.88,0.0,289,83232,卖盘
1288,10:34:31,2.88,0.0,383,110304,卖盘
1289,10:34:34,2.88,0.0,206,59328,卖盘
1290,10:34:37,2.88,0.0,104,29952,卖盘
1291,10:34:40,2.88,0.0,118,33984,卖盘
1292,10:34:43,2.88,0.0,162,46656,卖盘
1293,10:34:45,2.88,0.0,558,160704,卖盘
1294,10:34:49,2.88,0.0,108,31104,卖盘
1295,10:34:52,2.88,0.0,117,33696,卖盘
1296,10:34:55,2.88,0.0,500,144000,卖盘
1297,10:34:58,2.88,0.0,30,8640,卖盘
1298,10:35:01,2.88,0.0,167,48096,卖盘
1299,10:35:04,2.88,0.0,136,39168,卖盘
1300,10:35:07,2.88,0.0,240,69120,卖盘
1301,10:35:10,2.88,0.0,11,3168,卖盘
1302,10:35:12,2.88,0.0,161,46368,卖盘
1303,10:35:16,2.88,0.0,161,46368,卖盘
1304,10:35:18,2.88,0.0,49,14112,卖盘
1305,10:35:22,2.88,0.0,103,29664,卖盘
1306,10:35:24,2.88,0.0,2190,630720,卖盘
1307,10:35:27,2.88,0.0,10,2880,卖盘
1308,10:35:31,2.88,0.0,32,9216,卖盘
1309,10:35:33,2.88,0.0,359,103392,卖盘
1310,10:35:36,2.88,0.0,59,16992,卖盘
1311,10:35:39,2.88,0.0,1878,540864,卖盘
1312,10:35:43,2.88,0.0,43,12384,卖盘
1313,10:35:45,2.88,0.0,53,15264,卖盘
1314,10:35:49,2.88,0.0,55,15840,卖盘
1315,10:35:52,2.88,0.0,40,11520,卖盘
1316,10:35:55,2.88,0.0,24,6912,卖盘
1317,10:35:58,2.88,0.0,158,45504,卖盘
1318,10:36:01,2.88,0.0,10,2880,卖盘
1319,10:36:07,2.88,0.0,125,36000,卖盘
1320,10:36:09,2.88,0.0,78,22464,卖盘
1321,10:36:12,2.88,0.0,77,22176,卖盘
1322,10:36:16,2.88,0.0,223,64224,卖盘
1323,10:36:19,2.88,0.0,20,5760,卖盘
1324,10:36:21,2.88,0.0,19,5472,卖盘
1325,10:36:28,2.88,0.0,20,5760,卖盘
1326,10:36:31,2.88,0.0,15,4320,卖盘
1327,10:36:33,2.88,0.0,448,129024,卖盘
1328,10:36:37,2.88,0.0,12,3456,卖盘
1329,10:36:39,2.88,0.0,26,7488,卖盘
1330,10:36:43,2.88,0.0,62,17856,卖盘
1331,10:36:46,2.88,0.0,106,30528,卖盘
1332,10:36:49,2.88,0.0,28,8064,卖盘
1333,10:36:52,2.88,0.0,1,288,卖盘
1334,10:36:55,2.88,0.0,192,55296,卖盘
1335,10:36:58,2.88,0.0,129,37152,卖盘
1336,10:37:00,2.88,0.0,87,25056,卖盘
1337,10:37:04,2.88,0.0,8,2304,卖盘
1338,10:37:09,2.88,0.0,255,73440,卖盘
1339,10:37:13,2.88,0.0,45,12960,卖盘
1340,10:37:16,2.88,0.0,8,2304,卖盘
1341,10:37:19,2.88,0.0,68,19584,卖盘
1342,10:37:24,2.88,0.0,2,576,卖盘
1343,10:37:27,2.88,0.0,330,95040,卖盘
1344,10:37:31,2.88,0.0,100,28800,卖盘
1345,10:37:34,2.88,0.0,8,2304,卖盘
1346,10:37:37,2.88,0.0,2,576,卖盘
1347,10:37:40,2.88,0.0,20,5760,卖盘
1348,10:37:42,2.88,0.0,14,4032,卖盘
1349,10:37:45,2.88,0.0,129,37152,卖盘
1350,10:37:48,2.88,0.0,516,148608,卖盘
1351,10:37:52,2.88,0.0,41,11808,卖盘
1352,10:37:54,2.88,0.0,75,21600,卖盘
1353,10:37:57,2.88,0.0,8,2304,卖盘
1354,10:38:01,2.88,0.0,38,10944,卖盘
1355,10:38:04,2.88,0.0,149,42912,卖盘
1356,10:38:07,2.88,0.0,15,4320,卖盘
1357,10:38:10,2.88,0.0,20,5760,卖盘
1358,10:38:13,2.88,0.0,541,155808,卖盘
1359,10:38:16,2.88,0.0,4,1152,卖盘
1360,10:38:18,2.88,0.0,86,24768,卖盘
1361,10:38:25,2.88,0.0,39,11232,卖盘
1362,10:38:27,2.88,0.0,1,288,卖盘
1363,10:38:30,2.88,0.0,114,32832,卖盘
1364,10:38:33,2.88,0.0,22,6336,卖盘
1365,10:38:37,2.88,0.0,43,12384,卖盘
1366,10:38:40,2.88,0.0,77,22176,卖盘
1367,10:38:51,2.88,0.0,95,27360,卖盘
1368,10:38:55,2.88,0.0,27,7776,卖盘
1369,10:38:57,2.88,0.0,55,15840,卖盘
1370,10:39:04,2.88,0.0,391,112608,卖盘
1371,10:39:10,2.88,0.0,30,8640,卖盘
1372,10:39:13,2.88,0.0,60,17280,卖盘
1373,10:39:18,2.88,0.0,114,32832,卖盘
1374,10:39:22,2.88,0.0,3,864,卖盘
1375,10:39:25,2.88,0.0,767,220896,卖盘
1376,10:39:28,2.88,0.0,47,13536,卖盘
1377,10:39:31,2.88,0.0,11,3168,卖盘
1378,10:39:33,2.88,0.0,452,130176,卖盘
1379,10:39:37,2.88,0.0,30,8640,卖盘
1380,10:39:39,2.88,0.0,33,9504,卖盘
1381,10:39:43,2.88,0.0,157,45216,卖盘
1382,10:39:45,2.88,0.0,22,6336,卖盘
1383,10:39:48,2.88,0.0,6,1728,卖盘
1384,10:39:51,2.88,0.0,185,53280,卖盘
1385,10:39:54,2.88,0.0,105,30240,卖盘
1386,10:39:57,2.88,0.0,1,288,卖盘
1387,10:40:04,2.88,0.0,298,85824,卖盘
1388,10:40:06,2.88,0.0,225,64800,卖盘
1389,10:40:09,2.88,0.0,157,45216,卖盘
1390,10:40:12,2.88,0.0,51,14688,卖盘
1391,10:40:18,2.88,0.0,306,88128,卖盘
1392,10:40:21,2.88,0.0,100,28800,卖盘
1393,10:40:24,2.88,0.0,25,7200,卖盘
1394,10:40:27,2.88,0.0,110,31680,卖盘
1395,10:40:30,2.88,0.0,17,4896,卖盘
1396,10:40:34,2.88,0.0,70,20160,卖盘
1397,10:40:37,2.88,0.0,5,1440,卖盘
1398,10:40:40,2.88,0.0,299,86112,卖盘
1399,10:40:43,2.88,0.0,15,4320,卖盘
1400,10:40:46,2.88,0.0,695,200160,卖盘
1401,10:40:49,2.88,0.0,7,2016,卖盘
1402,10:40:52,2.88,0.0,3,864,卖盘
1403,10:40:55,2.88,0.0,30,8640,卖盘
1404,10:40:57,2.88,0.0,75,21600,卖盘
1405,10:41:00,2.88,0.0,76,21888,卖盘
1406,10:41:03,2.88,0.0,105,30240,卖盘
1407,10:41:09,2.88,0.0,157,45216,卖盘
1408,10:41:16,2.88,0.0,5,1440,卖盘
1409,10:41:18,2.88,0.0,136,39168,卖盘
1410,10:41:25,2.88,0.0,7,2016,卖盘
1411,10:41:28,2.88,0.0,137,39456,卖盘
1412,10:41:31,2.88,0.0,18,5184,卖盘
1413,10:41:34,2.88,0.0,488,140544,卖盘
1414,10:41:40,2.88,0.0,25,7200,卖盘
1415,10:41:43,2.88,0.0,15,4320,卖盘
1416,10:41:46,2.88,0.0,195,56160,卖盘
1417,10:41:49,2.88,0.0,19,5472,卖盘
1418,10:41:52,2.88,0.0,46,13248,卖盘
1419,10:41:58,2.88,0.0,11,3168,卖盘
1420,10:42:00,2.88,0.0,12,3456,卖盘
1421,10:42:07,2.88,0.0,1,288,卖盘
1422,10:42:15,2.88,0.0,50,14400,卖盘
1423,10:42:18,2.88,0.0,91,26208,卖盘
1424,10:42:22,2.88,0.0,560,161280,卖盘
1425,10:42:24,2.88,0.0,30,8640,卖盘
1426,10:42:27,2.88,0.0,13,3744,卖盘
1427,10:42:30,2.88,0.0,1,288,卖盘
1428,10:42:33,2.88,0.0,17,4896,卖盘
1429,10:42:37,2.88,0.0,31,8928,卖盘
1430,10:42:45,2.88,0.0,70,20160,卖盘
1431,10:42:49,2.88,0.0,10,2880,卖盘
1432,10:42:55,2.88,0.0,53,15264,卖盘
1433,10:42:58,2.88,0.0,66,19008,卖盘
1434,10:43:00,2.88,0.0,63,18144,卖盘
1435,10:43:06,2.88,0.0,10,2880,卖盘
1436,10:43:09,2.88,0.0,6,1728,卖盘
1437,10:43:12,2.88,0.0,44,12672,卖盘
1438,10:43:16,2.88,0.0,20,5760,卖盘
1439,10:43:19,2.88,0.0,46,13248,卖盘
1440,10:43:28,2.88,0.0,104,29952,卖盘
1441,10:43:30,2.88,0.0,76,21888,卖盘
1442,10:43:33,2.88,0.0,5,1440,卖盘
1443,10:43:39,2.88,0.0,19,5472,卖盘
1444,10:43:43,2.88,0.0,10,2880,卖盘
1445,10:43:51,2.88,0.0,50,14400,卖盘
1446,10:44:00,2.88,0.0,20,5760,卖盘
1447,10:44:07,2.88,0.0,19,5472,卖盘
1448,10:44:13,2.88,0.0,39,11232,卖盘
1449,10:44:18,2.88,0.0,16,4608,卖盘
1450,10:44:24,2.88,0.0,290,83520,卖盘
1451,10:44:36,2.88,0.0,58,16704,卖盘
1452,10:44:39,2.88,0.0,20,5760,卖盘
1453,10:44:42,2.88,0.0,23,6624,卖盘
1454,10:44:46,2.88,0.0,10,2880,卖盘
1455,10:44:49,2.88,0.0,14,4032,卖盘
1456,10:44:57,2.88,0.0,44,12672,卖盘
1457,10:45:00,2.88,0.0,4,1152,卖盘
1458,10:45:04,2.88,0.0,50,14400,卖盘
1459,10:45:06,2.88,0.0,20,5760,卖盘
1460,10:45:10,2.88,0.0,45,12960,卖盘
1461,10:45:13,2.88,0.0,5,1440,卖盘
1462,10:45:16,2.88,0.0,9,2592,卖盘
1463,10:45:19,2.88,0.0,45,12960,卖盘
1464,10:45:22,2.88,0.0,4,1152,卖盘
1465,10:45:25,2.88,0.0,10,2880,卖盘
1466,10:45:28,2.88,0.0,10,2880,卖盘
1467,10:45:37,2.88,0.0,5,1440,卖盘
1468,10:45:49,2.88,0.0,140,40320,卖盘
1469,10:45:52,2.88,0.0,10,2880,卖盘
1470,10:45:55,2.88,0.0,11,3168,卖盘
1471,10:46:01,2.88,0.0,109,31392,卖盘
1472,10:46:04,2.88,0.0,41,11808,卖盘
1473,10:46:06,2.88,0.0,201,57888,卖盘
1474,10:46:09,2.88,0.0,50,14400,卖盘
1475,10:46:13,2.88,0.0,100,28800,卖盘
1476,10:46:16,2.88,0.0,65,18720,卖盘
1477,10:46:18,2.88,0.0,17,4896,卖盘
1478,10:46:25,2.88,0.0,25,7200,卖盘
1479,10:46:28,2.88,0.0,35,10080,卖盘
1480,10:46:31,2.88,0.0,957,275616,卖盘
1481,10:46:34,2.88,0.0,22,6336,卖盘
1482,10:46:36,2.88,0.0,2,576,卖盘
1483,10:46:40,2.88,0.0,2,576,卖盘
1484,10:46:43,2.88,0.0,515,148320,卖盘
1485,10:46:45,2.88,0.0,200,57600,卖盘
1486,10:46:48,2.88,0.0,362,104256,卖盘
1487,10:46:52,2.88,0.0,128,36864,卖盘
1488,10:46:58,2.88,0.0,208,59904,卖盘
1489,10:47:04,2.88,0.0,50,14400,卖盘
1490,10:47:07,2.88,0.0,452,130176,卖盘
1491,10:47:13,2.88,0.0,3,864,卖盘
1492,10:47:16,2.88,0.0,10,2880,卖盘
1493,10:47:21,2.88,0.0,123,35424,卖盘
1494,10:47:25,2.88,0.0,11,3168,卖盘
1495,10:47:28,2.88,0.0,4,1152,卖盘
1496,10:47:31,2.88,0.0,73,21024,卖盘
1497,10:47:34,2.88,0.0,11,3168,卖盘
1498,10:47:37,2.88,0.0,110,31680,卖盘
1499,10:47:42,2.88,0.0,20,5760,卖盘
1500,10:47:49,2.88,0.0,32,9216,卖盘
1501,10:47:52,2.88,0.0,79,22752,卖盘
1502,10:47:58,2.88,0.0,82,23616,卖盘
1503,10:48:04,2.88,0.0,55,15840,卖盘
1504,10:48:10,2.88,0.0,5,1440,卖盘
1505,10:48:13,2.88,0.0,10,2880,卖盘
1506,10:48:15,2.88,0.0,6,1728,卖盘
1507,10:48:18,2.88,0.0,193,55584,卖盘
1508,10:48:31,2.88,0.0,104,29952,卖盘
1509,10:48:34,2.88,0.0,74,21312,卖盘
1510,10:48:37,2.88,0.0,30,8640,卖盘
1511,10:48:40,2.88,0.0,132,38016,卖盘
1512,10:48:45,2.88,0.0,35,10080,卖盘
1513,10:48:52,2.88,0.0,105,30240,卖盘
1514,10:48:54,2.88,0.0,11,3168,卖盘
1515,10:48:58,2.88,0.0,70,20160,卖盘
1516,10:49:01,2.88,0.0,177,50976,卖盘
1517,10:49:04,2.88,0.0,23,6624,卖盘
1518,10:49:10,2.88,0.0,7,2016,卖盘
1519,10:49:13,2.88,0.0,33,9504,卖盘
1520,10:49:18,2.88,0.0,48,13824,卖盘
1521,10:49:22,2.88,0.0,199,57312,卖盘
1522,10:49:27,2.88,0.0,93,26784,卖盘
1523,10:49:37,2.88,0.0,258,74304,卖盘
1524,10:49:40,2.88,0.0,487,140256,卖盘
1525,10:49:42,2.88,0.0,30,8640,卖盘
1526,10:49:45,2.88,0.0,28,8064,卖盘
1527,10:49:48,2.88,0.0,609,175392,卖盘
1528,10:49:51,2.88,0.0,24,6912,卖盘
1529,10:49:58,2.88,0.0,276,79488,卖盘
1530,10:50:04,2.88,0.0,34,9792,卖盘
1531,10:50:07,2.88,0.0,30,8640,卖盘
1532,10:50:13,2.88,0.0,68,19584,卖盘
1533,10:50:16,2.88,0.0,50,14400,卖盘
1534,10:50:22,2.88,0.0,150,43200,卖盘
1535,10:50:25,2.88,0.0,14,4032,卖盘
1536,10:50:33,2.88,0.0,10,2880,卖盘
1537,10:50:36,2.88,0.0,110,31680,卖盘
1538,10:50:40,2.88,0.0,35,10080,卖盘
1539,10:50:43,2.88,0.0,100,28800,卖盘
1540,10:50:46,2.88,0.0,175,50400,卖盘
1541,10:50:49,2.88,0.0,7,2016,卖盘
1542,10:50:52,2.88,0.0,18,5184,卖盘
1543,10:50:54,2.88,0.0,34,9792,卖盘
1544,10:51:01,2.88,0.0,59,16992,卖盘
1545,10:51:04,2.88,0.0,7,2016,卖盘
1546,10:51:07,2.88,0.0,2,576,卖盘
1547,10:51:09,2.88,0.0,20,5760,卖盘
1548,10:51:12,2.88,0.0,350,100800,卖盘
1549,10:51:16,2.88,0.0,25,7200,卖盘
1550,10:51:22,2.88,0.0,100,28800,卖盘
1551,10:51:25,2.88,0.0,19,5472,卖盘
1552,10:51:28,2.88,0.0,37,10656,卖盘
1553,10:51:30,2.88,0.0,134,38592,卖盘
1554,10:51:33,2.88,0.0,104,29952,卖盘
1555,10:51:43,2.88,0.0,59,16992,卖盘
1556,10:51:52,2.88,0.0,1,288,卖盘
1557,10:52:01,2.88,0.0,67,19296,卖盘
1558,10:52:04,2.88,0.0,12,3456,卖盘
1559,10:52:12,2.88,0.0,207,59616,卖盘
1560,10:52:16,2.88,0.0,6,1728,卖盘
1561,10:52:19,2.88,0.0,2,576,卖盘
1562,10:52:22,2.88,0.0,1,288,卖盘
1563,10:52:25,2.88,0.0,16,4608,卖盘
1564,10:52:27,2.88,0.0,826,237888,卖盘
1565,10:52:36,2.88,0.0,11,3168,卖盘
1566,10:52:40,2.88,0.0,4,1152,卖盘
1567,10:52:43,2.88,0.0,30,8640,卖盘
1568,10:52:46,2.88,0.0,20,5760,卖盘
1569,10:52:49,2.88,0.0,35,10080,卖盘
1570,10:52:55,2.88,0.0,39,11232,卖盘
1571,10:52:58,2.88,0.0,6,1728,卖盘
1572,10:53:00,2.88,0.0,26,7488,卖盘
1573,10:53:04,2.88,0.0,120,34560,卖盘
1574,10:53:07,2.88,0.0,160,46080,卖盘
1575,10:53:10,2.88,0.0,155,44640,卖盘
1576,10:53:16,2.88,0.0,30,8640,卖盘
1577,10:53:28,2.88,0.0,14,4032,卖盘
1578,10:53:31,2.88,0.0,10,2880,卖盘
1579,10:53:43,2.88,0.0,28,8064,卖盘
1580,10:53:46,2.88,0.0,21,6048,卖盘
1581,10:53:49,2.88,0.0,3,864,卖盘
1582,10:53:58,2.88,0.0,220,63360,卖盘
1583,10:54:04,2.88,0.0,5,1440,卖盘
1584,10:54:07,2.88,0.0,50,14400,卖盘
1585,10:54:10,2.88,0.0,20,5760,卖盘
1586,10:54:15,2.88,0.0,2,576,卖盘
1587,10:54:21,2.88,0.0,29,8352,卖盘
1588,10:54:25,2.88,0.0,15,4320,卖盘
1589,10:54:31,2.88,0.0,138,39744,卖盘
1590,10:54:40,2.88,0.0,18,5184,卖盘
1591,10:54:57,2.88,0.0,50,14400,卖盘
1592,10:55:01,2.88,0.0,620,178560,卖盘
1593,10:55:03,2.88,0.0,80,23040,卖盘
1594,10:55:07,2.88,0.0,3,864,卖盘
1595,10:55:13,2.88,0.0,60,17280,卖盘
1596,10:55:25,2.88,0.0,29,8352,卖盘
1597,10:55:27,2.88,0.0,30,8640,卖盘
1598,10:55:34,2.88,0.0,60,17280,卖盘
1599,10:55:42,2.88,0.0,13,3744,卖盘
1600,10:55:51,2.88,0.0,37,10656,卖盘
1601,10:55:57,2.88,0.0,10,2880,卖盘
1602,10:56:04,2.88,0.0,10,2880,卖盘
1603,10:56:09,2.88,0.0,1,288,卖盘
1604,10:56:19,2.88,0.0,45,12960,卖盘
1605,10:56:25,2.88,0.0,21,6048,卖盘
1606,10:56:30,2.88,0.0,3,864,卖盘
1607,10:56:39,2.88,0.0,183,52704,卖盘
1608,10:56:46,2.88,0.0,12,3456,卖盘
1609,10:56:49,2.88,0.0,33,9504,卖盘
1610,10:56:52,2.88,0.0,20,5760,卖盘
1611,10:57:04,2.88,0.0,1,288,卖盘
1612,10:57:10,2.88,0.0,26,7488,卖盘
1613,10:57:13,2.88,0.0,62,17856,卖盘
1614,10:57:18,2.88,0.0,59,16992,卖盘
1615,10:57:22,2.88,0.0,9,2592,卖盘
1616,10:57:28,2.88,0.0,29,8352,卖盘
1617,10:57:34,2.88,0.0,15,4320,卖盘
1618,10:57:40,2.88,0.0,3,864,卖盘
1619,10:57:42,2.88,0.0,84,24192,卖盘
1620,10:57:52,2.88,0.0,3,864,卖盘
1621,10:57:55,2.88,0.0,15,4320,卖盘
1622,10:57:58,2.88,0.0,20,5760,卖盘
1623,10:58:01,2.88,0.0,20,5760,卖盘
1624,10:58:07,2.88,0.0,26,7488,卖盘
1625,10:58:16,2.88,0.0,20,5760,卖盘
1626,10:58:18,2.88,0.0,39,11232,卖盘
1627,10:58:25,2.88,0.0,26,7488,卖盘
1628,10:58:31,2.88,0.0,5,1440,卖盘
1629,10:58:34,2.88,0.0,10,2880,卖盘
1630,10:58:43,2.88,0.0,66,19008,卖盘
1631,10:58:46,2.88,0.0,2,576,卖盘
1632,10:58:48,2.88,0.0,20,5760,卖盘
1633,10:58:54,2.88,0.0,20,5760,卖盘
1634,10:59:04,2.88,0.0,12,3456,卖盘
1635,10:59:06,2.88,0.0,10,2880,卖盘
1636,10:59:10,2.88,0.0,11,3168,卖盘
1637,10:59:13,2.88,0.0,33,9504,卖盘
1638,10:59:16,2.88,0.0,21,6048,卖盘
1639,10:59:19,2.88,0.0,31,8928,卖盘
1640,10:59:21,2.88,0.0,2,576,卖盘
1641,10:59:25,2.88,0.0,102,29376,卖盘
1642,10:59:27,2.88,0.0,42,12096,卖盘
1643,10:59:40,2.88,0.0,69,19872,卖盘
1644,10:59:43,2.88,0.0,54,15552,卖盘
1645,10:59:49,2.88,0.0,19,5472,卖盘
1646,10:59:51,2.88,0.0,1,288,卖盘
1647,10:59:58,2.88,0.0,116,33408,卖盘
1648,11:00:03,2.88,0.0,37,10656,卖盘
1649,11:00:10,2.88,0.0,3,864,卖盘
1650,11:00:13,2.88,0.0,217,62496,卖盘
1651,11:00:16,2.88,0.0,42,12096,卖盘
1652,11:00:19,2.88,0.0,19,5472,卖盘
1653,11:00:31,2.88,0.0,9,2592,卖盘
1654,11:00:34,2.88,0.0,1,288,卖盘
1655,11:00:37,2.88,0.0,27,7776,卖盘
1656,11:00:40,2.88,0.0,21,6048,卖盘
1657,11:00:52,2.88,0.0,11,3168,卖盘
1658,11:00:54,2.88,0.0,10,2880,卖盘
1659,11:00:58,2.88,0.0,11,3168,卖盘
1660,11:01:04,2.88,0.0,6,1728,卖盘
1661,11:01:10,2.88,0.0,19,5472,卖盘
1662,11:01:12,2.88,0.0,284,81792,卖盘
1663,11:01:15,2.88,0.0,1,288,卖盘
1664,11:01:18,2.88,0.0,20,5760,卖盘
1665,11:01:22,2.88,0.0,20,5760,卖盘
1666,11:01:43,2.88,0.0,10,2880,卖盘
1667,11:01:49,2.88,0.0,5,1440,卖盘
1668,11:01:55,2.88,0.0,30,8640,卖盘
1669,11:01:57,2.88,0.0,12,3456,卖盘
1670,11:02:03,2.88,0.0,1,288,卖盘
1671,11:02:06,2.88,0.0,40,11520,卖盘
1672,11:02:33,2.88,0.0,30,8640,卖盘
1673,11:02:43,2.88,0.0,47,13536,卖盘
1674,11:02:46,2.88,0.0,22,6336,卖盘
1675,11:02:49,2.88,0.0,29,8352,卖盘
1676,11:02:52,2.88,0.0,87,25056,卖盘
1677,11:02:57,2.88,0.0,4,1152,卖盘
1678,11:03:04,2.88,0.0,2,576,卖盘
1679,11:03:07,2.88,0.0,1,288,卖盘
1680,11:03:12,2.88,0.0,1,288,卖盘
1681,11:03:15,2.88,0.0,15,4320,卖盘
1682,11:03:31,2.88,0.0,100,28800,卖盘
1683,11:03:37,2.88,0.0,20,5760,卖盘
1684,11:03:39,2.88,0.0,46,13248,卖盘
1685,11:03:42,2.88,0.0,10,2880,卖盘
1686,11:03:45,2.88,0.0,72,20736,卖盘
1687,11:03:49,2.88,0.0,9,2592,卖盘
1688,11:04:01,2.88,0.0,1,288,卖盘
1689,11:04:10,2.88,0.0,10,2880,卖盘
1690,11:04:13,2.88,0.0,32,9216,卖盘
1691,11:04:16,2.88,0.0,55,15840,卖盘
1692,11:04:27,2.88,0.0,3,864,卖盘
1693,11:04:30,2.88,0.0,8,2304,卖盘
1694,11:04:33,2.88,0.0,12,3456,卖盘
1695,11:04:37,2.88,0.0,1,288,卖盘
1696,11:04:43,2.88,0.0,7,2016,卖盘
1697,11:04:46,2.88,0.0,40,11520,卖盘
1698,11:04:55,2.88,0.0,5,1440,卖盘
1699,11:04:58,2.88,0.0,50,14400,卖盘
1700,11:05:09,2.88,0.0,11,3168,卖盘
1701,11:05:22,2.88,0.0,124,35712,卖盘
1702,11:05:28,2.88,0.0,11,3168,卖盘
1703,11:05:31,2.88,0.0,30,8640,卖盘
1704,11:05:36,2.88,0.0,5,1440,卖盘
1705,11:05:43,2.88,0.0,80,23040,卖盘
1706,11:05:46,2.88,0.0,413,118944,卖盘
1707,11:05:54,2.88,0.0,52,14976,卖盘
1708,11:06:00,2.88,0.0,60,17280,卖盘
1709,11:06:04,2.88,0.0,11,3168,卖盘
1710,11:06:07,2.88,0.0,8,2304,卖盘
1711,11:06:10,2.88,0.0,16,4608,卖盘
1712,11:06:40,2.88,0.0,50,14400,卖盘
1713,11:06:48,2.88,0.0,10,2880,卖盘
1714,11:06:51,2.88,0.0,5,1440,卖盘
1715,11:07:04,2.88,0.0,124,35712,卖盘
1716,11:07:07,2.88,0.0,20,5760,卖盘
1717,11:07:18,2.88,0.0,10,2880,卖盘
1718,11:07:28,2.88,0.0,7,2016,卖盘
1719,11:07:37,2.88,0.0,100,28800,卖盘
1720,11:08:16,2.88,0.0,13,3744,卖盘
1721,11:08:19,2.88,0.0,2,576,卖盘
1722,11:08:28,2.88,0.0,1,288,卖盘
1723,11:08:51,2.88,0.0,1,288,卖盘
1724,11:09:06,2.88,0.0,130,37440,卖盘
1725,11:09:09,2.88,0.0,64,18432,卖盘
1726,11:09:16,2.88,0.0,30,8640,卖盘
1727,11:09:19,2.88,0.0,134,38592,卖盘
1728,11:09:25,2.88,0.0,12,3456,卖盘
1729,11:09:36,2.88,0.0,10,2880,卖盘
1730,11:09:39,2.88,0.0,29,8352,卖盘
1731,11:09:51,2.88,0.0,18,5184,卖盘
1732,11:09:54,2.88,0.0,16,4608,卖盘
1733,11:10:04,2.88,0.0,2,576,卖盘
1734,11:10:12,2.88,0.0,300,86400,卖盘
1735,11:10:19,2.88,0.0,76,21888,卖盘
1736,11:10:24,2.88,0.0,2,576,卖盘
1737,11:10:34,2.88,0.0,10,2880,卖盘
1738,11:10:36,2.88,0.0,120,34560,卖盘
1739,11:10:42,2.88,0.0,6,1728,卖盘
1740,11:10:55,2.88,0.0,56,16128,卖盘
1741,11:11:04,2.88,0.0,4,1152,卖盘
1742,11:11:24,2.88,0.0,5,1440,卖盘
1743,11:11:42,2.88,0.0,20,5760,卖盘
1744,11:11:52,2.88,0.0,1,288,卖盘
1745,11:11:54,2.88,0.0,1,288,卖盘
1746,11:11:58,2.88,0.0,12,3456,卖盘
1747,11:12:09,2.88,0.0,175,50400,卖盘
1748,11:12:12,2.88,0.0,63,18144,卖盘
1749,11:12:21,2.88,0.0,8,2304,卖盘
1750,11:12:27,2.88,0.0,8,2304,卖盘
1751,11:12:31,2.88,0.0,175,50400,卖盘
1752,11:12:37,2.88,0.0,60,17280,卖盘
1753,11:12:58,2.88,0.0,23,6624,卖盘
1754,11:13:04,2.88,0.0,33,9504,卖盘
1755,11:13:10,2.88,0.0,102,29376,卖盘
1756,11:13:15,2.88,0.0,51,14688,卖盘
1757,11:13:18,2.88,0.0,12,3456,卖盘
1758,11:13:25,2.88,0.0,2,576,卖盘
1759,11:13:28,2.88,0.0,21,6048,卖盘
1760,11:13:34,2.88,0.0,15,4320,卖盘
1761,11:13:58,2.88,0.0,73,21024,卖盘
1762,11:14:01,2.88,0.0,5,1440,卖盘
1763,11:14:19,2.88,0.0,3,864,卖盘
1764,11:14:28,2.88,0.0,40,11520,卖盘
1765,11:14:52,2.88,0.0,105,30240,卖盘
1766,11:15:01,2.88,0.0,140,40320,卖盘
1767,11:15:04,2.88,0.0,110,31680,卖盘
1768,11:15:10,2.88,0.0,2,576,卖盘
1769,11:15:16,2.88,0.0,50,14400,卖盘
1770,11:15:25,2.88,0.0,1,288,卖盘
1771,11:15:30,2.88,0.0,20,5760,卖盘
1772,11:15:49,2.88,0.0,53,15264,卖盘
1773,11:16:00,2.88,0.0,10,2880,卖盘
1774,11:16:03,2.88,0.0,3,864,卖盘
1775,11:16:16,2.88,0.0,5,1440,卖盘
1776,11:16:24,2.88,0.0,5,1440,卖盘
1777,11:16:28,2.88,0.0,8,2304,卖盘
1778,11:16:31,2.88,0.0,13,3744,卖盘
1779,11:16:37,2.88,0.0,4,1152,卖盘
1780,11:16:45,2.88,0.0,20,5760,卖盘
1781,11:16:49,2.88,0.0,3,864,卖盘
1782,11:17:13,2.88,0.0,187,53856,卖盘
1783,11:17:16,2.88,0.0,27,7776,卖盘
1784,11:17:19,2.88,0.0,15,4320,卖盘
1785,11:17:22,2.88,0.0,7,2016,卖盘
1786,11:17:25,2.88,0.0,2,576,卖盘
1787,11:17:28,2.88,0.0,11,3168,卖盘
1788,11:17:40,2.88,0.0,48,13824,卖盘
1789,11:17:43,2.88,0.0,2,576,卖盘
1790,11:17:52,2.88,0.0,36,10368,卖盘
1791,11:17:58,2.88,0.0,41,11808,卖盘
1792,11:18:07,2.88,0.0,14,4032,卖盘
1793,11:18:10,2.88,0.0,1,288,卖盘
1794,11:18:16,2.88,0.0,2,576,卖盘
1795,11:18:21,2.88,0.0,3,864,卖盘
1796,11:18:25,2.88,0.0,50,14400,卖盘
1797,11:18:33,2.88,0.0,67,19296,卖盘
1798,11:19:06,2.88,0.0,1,288,卖盘
1799,11:19:28,2.88,0.0,132,38016,卖盘
1800,11:19:33,2.88,0.0,1100,316800,卖盘
1801,11:19:49,2.88,0.0,66,19008,卖盘
1802,11:19:58,2.88,0.0,15,4320,卖盘
1803,11:20:01,2.88,0.0,10,2880,卖盘
1804,11:20:13,2.88,0.0,10,2880,卖盘
1805,11:20:19,2.88,0.0,100,28800,卖盘
1806,11:20:21,2.88,0.0,100,28800,卖盘
1807,11:20:25,2.88,0.0,20,5760,卖盘
1808,11:20:34,2.88,0.0,73,21024,卖盘
1809,11:20:37,2.88,0.0,648,186624,卖盘
1810,11:20:40,2.88,0.0,104,29952,卖盘
1811,11:20:46,2.88,0.0,187,53856,卖盘
1812,11:20:58,2.88,0.0,11,3168,卖盘
1813,11:21:01,2.88,0.0,100,28800,卖盘
1814,11:21:25,2.88,0.0,100,28800,卖盘
1815,11:21:30,2.88,0.0,2,576,卖盘
1816,11:21:33,2.88,0.0,24,6912,卖盘
1817,11:21:39,2.88,0.0,23,6624,卖盘
1818,11:21:49,2.88,0.0,7,2016,卖盘
1819,11:22:04,2.88,0.0,107,30816,卖盘
1820,11:22:06,2.88,0.0,2,576,卖盘
1821,11:22:13,2.88,0.0,50,14400,卖盘
1822,11:22:22,2.88,0.0,180,51840,卖盘
1823,11:22:31,2.88,0.0,17,4896,卖盘
1824,11:22:46,2.88,0.0,3,864,卖盘
1825,11:22:58,2.88,0.0,45,12960,卖盘
1826,11:23:06,2.88,0.0,1,288,卖盘
1827,11:23:09,2.88,0.0,18,5184,卖盘
1828,11:23:33,2.88,0.0,15,4320,卖盘
1829,11:23:43,2.88,0.0,18,5184,卖盘
1830,11:23:54,2.88,0.0,48,13824,卖盘
1831,11:24:13,2.88,0.0,40,11520,卖盘
1832,11:24:22,2.88,0.0,21,6048,卖盘
1833,11:24:31,2.88,0.0,48,13824,卖盘
1834,11:24:33,2.88,0.0,52,14976,卖盘
1835,11:24:42,2.88,0.0,50,14400,卖盘
1836,11:24:45,2.88,0.0,95,27360,卖盘
1837,11:25:21,2.88,0.0,22,6336,卖盘
1838,11:25:40,2.88,0.0,18,5184,卖盘
1839,11:25:46,2.88,0.0,5,1440,卖盘
1840,11:26:00,2.88,0.0,8,2304,卖盘
1841,11:27:06,2.88,0.0,2,576,卖盘
1842,11:27:09,2.88,0.0,198,57024,卖盘
1843,11:27:19,2.88,0.0,21,6048,卖盘
1844,11:27:28,2.88,0.0,18,5184,卖盘
1845,11:27:34,2.88,0.0,10,2880,卖盘
1846,11:27:36,2.88,0.0,3,864,卖盘
1847,11:27:39,2.88,0.0,3,864,卖盘
1848,11:27:43,2.88,0.0,23,6624,卖盘
1849,11:28:01,2.88,0.0,2,576,卖盘
1850,11:28:06,2.88,0.0,30,8640,卖盘
1851,11:28:39,2.88,0.0,55,15840,卖盘
1852,11:28:43,2.88,0.0,20,5760,卖盘
1853,11:29:10,2.88,0.0,4,1152,卖盘
1854,11:29:13,2.88,0.0,5,1440,卖盘
1855,11:29:21,2.88,0.0,22,6336,卖盘
1856,11:29:25,2.88,0.0,1,288,卖盘
1857,11:29:31,2.88,0.0,21,6048,卖盘
1858,11:29:37,2.88,0.0,103,29664,卖盘
1859,11:29:40,2.88,0.0,40,11520,卖盘
1860,11:29:43,2.88,0.0,100,28800,卖盘
1861,11:29:49,2.88,0.0,71,20448,卖盘
1862,11:30:01,2.88,0.0,2,576,卖盘
1863,13:00:05,2.88,0.0,217,62496,卖盘
1864,13:00:07,2.88,0.0,4329,1246752,卖盘
1865,13:00:09,2.88,0.0,173,49824,卖盘
1866,13:00:13,2.88,0.0,4,1152,卖盘
1867,13:00:16,2.88,0.0,1,288,卖盘
1868,13:00:22,2.88,0.0,25,7200,卖盘
1869,13:00:39,2.88,0.0,5,1440,卖盘
1870,13:00:42,2.88,0.0,20,5760,卖盘
1871,13:00:48,2.88,0.0,10,2880,卖盘
1872,13:01:07,2.88,0.0,100,28800,卖盘
1873,13:01:19,2.88,0.0,11,3168,卖盘
1874,13:01:24,2.88,0.0,46,13248,卖盘
1875,13:01:30,2.88,0.0,90,25920,卖盘
1876,13:01:37,2.88,0.0,50,14400,卖盘
1877,13:01:52,2.88,0.0,1,288,卖盘
1878,13:02:10,2.88,0.0,272,78336,卖盘
1879,13:02:16,2.88,0.0,19,5472,卖盘
1880,13:02:19,2.88,0.0,1,288,卖盘
1881,13:02:25,2.88,0.0,14,4032,卖盘
1882,13:02:30,2.88,0.0,16,4608,卖盘
1883,13:02:40,2.88,0.0,500,144000,卖盘
1884,13:02:42,2.88,0.0,2,576,卖盘
1885,13:02:45,2.88,0.0,50,14400,卖盘
1886,13:02:51,2.88,0.0,120,34560,卖盘
1887,13:03:00,2.88,0.0,3,864,卖盘
1888,13:03:06,2.88,0.0,50,14400,卖盘
1889,13:03:31,2.88,0.0,63,18144,卖盘
1890,13:03:34,2.88,0.0,18,5184,卖盘
1891,13:03:39,2.88,0.0,15,4320,卖盘
1892,13:03:42,2.88,0.0,1,288,卖盘
1893,13:03:45,2.88,0.0,141,40608,卖盘
1894,13:03:58,2.88,0.0,51,14688,卖盘
1895,13:04:00,2.88,0.0,5,1440,卖盘
1896,13:04:04,2.88,0.0,10,2880,卖盘
1897,13:04:34,2.88,0.0,73,21024,卖盘
1898,13:04:37,2.88,0.0,20,5760,卖盘
1899,13:04:52,2.88,0.0,10,2880,卖盘
1900,13:04:57,2.88,0.0,2,576,卖盘
1901,13:05:00,2.88,0.0,22,6336,卖盘
1902,13:05:07,2.88,0.0,5,1440,卖盘
1903,13:05:18,2.88,0.0,11,3168,卖盘
1904,13:05:37,2.88,0.0,36,10368,卖盘
1905,13:05:43,2.88,0.0,5,1440,卖盘
1906,13:05:51,2.88,0.0,74,21312,卖盘
1907,13:06:00,2.88,0.0,66,19008,卖盘
1908,13:06:04,2.88,0.0,20,5760,卖盘
1909,13:06:12,2.88,0.0,22,6336,卖盘
1910,13:06:21,2.88,0.0,68,19584,卖盘
1911,13:06:31,2.88,0.0,1,288,卖盘
1912,13:06:36,2.88,0.0,1,288,卖盘
1913,13:06:45,2.88,0.0,12,3456,卖盘
1914,13:06:55,2.88,0.0,190,54720,卖盘
1915,13:07:00,2.88,0.0,40,11520,卖盘
1916,13:07:04,2.88,0.0,15,4320,卖盘
1917,13:07:25,2.88,0.0,35,10080,卖盘
1918,13:07:27,2.88,0.0,43,12384,卖盘
1919,13:07:43,2.88,0.0,22,6336,卖盘
1920,13:07:57,2.88,0.0,88,25344,卖盘
1921,13:08:04,2.88,0.0,20,5760,卖盘
1922,13:08:12,2.88,0.0,50,14400,卖盘
1923,13:08:18,2.88,0.0,100,28800,卖盘
1924,13:08:28,2.88,0.0,10,2880,卖盘
1925,13:08:34,2.88,0.0,10,2880,卖盘
1926,13:08:42,2.88,0.0,20,5760,卖盘
1927,13:08:54,2.88,0.0,19,5472,卖盘
1928,13:09:04,2.88,0.0,5,1440,卖盘
1929,13:09:07,2.88,0.0,10,2880,卖盘
1930,13:09:18,2.88,0.0,61,17568,卖盘
1931,13:09:21,2.88,0.0,5,1440,卖盘
1932,13:09:24,2.88,0.0,56,16128,卖盘
1933,13:09:36,2.88,0.0,25,7200,卖盘
1934,13:09:42,2.88,0.0,20,5760,卖盘
1935,13:10:06,2.88,0.0,37,10656,卖盘
1936,13:10:12,2.88,0.0,6,1728,卖盘
1937,13:10:30,2.88,0.0,20,5760,卖盘
1938,13:10:33,2.88,0.0,10,2880,卖盘
1939,13:10:39,2.88,0.0,57,16416,卖盘
1940,13:10:57,2.88,0.0,20,5760,卖盘
1941,13:11:04,2.88,0.0,118,33984,卖盘
1942,13:11:18,2.88,0.0,100,28800,卖盘
1943,13:11:31,2.88,0.0,4,1152,卖盘
1944,13:11:52,2.88,0.0,200,57600,卖盘
1945,13:11:55,2.88,0.0,1,288,卖盘
1946,13:11:58,2.88,0.0,56,16128,卖盘
1947,13:12:04,2.88,0.0,12,3456,卖盘
1948,13:12:07,2.88,0.0,5,1440,卖盘
1949,13:12:12,2.88,0.0,65,18720,卖盘
1950,13:12:18,2.88,0.0,5,1279,卖盘
1951,13:12:22,2.88,0.0,1,288,卖盘
1952,13:12:25,2.88,0.0,15,4320,卖盘
1953,13:12:28,2.88,0.0,8,2304,卖盘
1954,13:12:42,2.88,0.0,10,2880,卖盘
1955,13:12:46,2.88,0.0,1,288,卖盘
1956,13:12:49,2.88,0.0,43,12384,卖盘
1957,13:13:00,2.88,0.0,1,288,卖盘
1958,13:13:28,2.88,0.0,110,31680,卖盘
1959,13:13:39,2.88,0.0,35,10080,卖盘
1960,13:13:43,2.88,0.0,552,158976,卖盘
1961,13:13:52,2.88,0.0,30,8640,卖盘
1962,13:13:55,2.88,0.0,4,1152,卖盘
1963,13:14:09,2.88,0.0,356,102528,卖盘
1964,13:14:13,2.88,0.0,10,2880,卖盘
1965,13:14:19,2.88,0.0,1,288,卖盘
1966,13:14:24,2.88,0.0,136,39168,卖盘
1967,13:14:27,2.88,0.0,15,4320,卖盘
1968,13:14:42,2.88,0.0,2,576,卖盘
1969,13:15:01,2.88,0.0,15,4320,卖盘
1970,13:15:06,2.88,0.0,66,19008,卖盘
1971,13:15:09,2.88,0.0,45,12960,卖盘
1972,13:15:21,2.88,0.0,191,55008,卖盘
1973,13:15:27,2.88,0.0,8,2304,卖盘
1974,13:15:31,2.88,0.0,47,13536,卖盘
1975,13:15:37,2.88,0.0,30,8640,卖盘
1976,13:15:49,2.88,0.0,20,5760,卖盘
1977,13:15:52,2.88,0.0,100,28800,卖盘
1978,13:16:01,2.88,0.0,3,864,卖盘
1979,13:16:04,2.88,0.0,95,27360,卖盘
1980,13:16:19,2.88,0.0,267,76896,卖盘
1981,13:16:21,2.88,0.0,102,29376,卖盘
1982,13:16:46,2.88,0.0,1,288,卖盘
1983,13:17:10,2.88,0.0,98,28224,卖盘
1984,13:17:13,2.88,0.0,5,1440,卖盘
1985,13:17:16,2.88,0.0,3,864,卖盘
1986,13:17:46,2.88,0.0,276,79488,卖盘
1987,13:17:48,2.88,0.0,70,20160,卖盘
1988,13:18:15,2.88,0.0,17,4896,卖盘
1989,13:18:45,2.88,0.0,10,2880,卖盘
1990,13:18:51,2.88,0.0,1,288,卖盘
1991,13:19:07,2.88,0.0,2,576,卖盘
1992,13:19:25,2.88,0.0,30,8640,卖盘
1993,13:19:27,2.88,0.0,271,78048,卖盘
1994,13:19:39,2.88,0.0,35,10080,卖盘
1995,13:19:52,2.88,0.0,31,8928,卖盘
1996,13:19:58,2.88,0.0,4,1152,卖盘
1997,13:20:01,2.88,0.0,331,95328,卖盘
1998,13:20:04,2.88,0.0,51,14688,卖盘
1999,13:20:07,2.88,0.0,659,189792,卖盘
2000,13:20:10,2.88,0.0,70,20160,卖盘
2001,13:20:12,2.88,0.0,5,1440,卖盘
2002,13:20:19,2.88,0.0,1,288,卖盘
2003,13:20:22,2.88,0.0,76,21888,卖盘
2004,13:20:31,2.88,0.0,20,5760,卖盘
2005,13:20:43,2.88,0.0,50,14400,卖盘
2006,13:20:52,2.88,0.0,26,7488,卖盘
2007,13:20:55,2.88,0.0,27,7776,卖盘
2008,13:20:58,2.88,0.0,20,5760,卖盘
2009,13:21:01,2.88,0.0,4,1152,卖盘
2010,13:21:04,2.88,0.0,10,2880,卖盘
2011,13:21:13,2.88,0.0,16,4608,卖盘
2012,13:21:16,2.88,0.0,205,59040,卖盘
2013,13:21:22,2.88,0.0,10,2880,卖盘
2014,13:21:25,2.88,0.0,1,288,卖盘
2015,13:21:31,2.88,0.0,10,2880,卖盘
2016,13:21:40,2.88,0.0,86,24768,卖盘
2017,13:21:52,2.88,0.0,5,1440,卖盘
2018,13:22:01,2.88,0.0,251,72288,卖盘
2019,13:22:04,2.88,0.0,126,36288,卖盘
2020,13:22:16,2.88,0.0,18,5184,卖盘
2021,13:22:25,2.88,0.0,1,288,卖盘
2022,13:22:37,2.88,0.0,13,3744,卖盘
2023,13:22:55,2.88,0.0,83,23904,卖盘
2024,13:23:01,2.88,0.0,30,8640,卖盘
2025,13:23:04,2.88,0.0,8,2304,卖盘
2026,13:23:25,2.88,0.0,66,19008,卖盘
2027,13:23:27,2.88,0.0,17,4896,卖盘
2028,13:23:30,2.88,0.0,8,2304,卖盘
2029,13:23:33,2.88,0.0,99,28512,卖盘
2030,13:23:36,2.88,0.0,2,576,卖盘
2031,13:23:42,2.88,0.0,2,576,卖盘
2032,13:23:58,2.88,0.0,1,288,卖盘
2033,13:24:01,2.88,0.0,96,27648,卖盘
2034,13:24:04,2.88,0.0,14,4032,卖盘
2035,13:24:06,2.88,0.0,30,8640,卖盘
2036,13:24:12,2.88,0.0,23,6624,卖盘
2037,13:24:15,2.88,0.0,1,288,卖盘
2038,13:24:18,2.88,0.0,59,16992,卖盘
2039,13:24:33,2.88,0.0,252,72576,卖盘
2040,13:24:39,2.88,0.0,16,4608,卖盘
2041,13:24:52,2.88,0.0,545,156960,卖盘
2042,13:25:01,2.88,0.0,73,21024,卖盘
2043,13:25:09,2.88,0.0,50,14400,卖盘
2044,13:25:13,2.88,0.0,101,29088,卖盘
2045,13:25:22,2.88,0.0,1,418,卖盘
2046,13:25:24,2.88,0.0,10,2880,卖盘
2047,13:25:30,2.88,0.0,6,1728,卖盘
2048,13:25:33,2.88,0.0,46,13248,卖盘
2049,13:25:37,2.88,0.0,10,2880,卖盘
2050,13:25:52,2.88,0.0,1,288,卖盘
2051,13:25:54,2.88,0.0,36,10368,卖盘
2052,13:25:57,2.88,0.0,8,2304,卖盘
2053,13:26:01,2.88,0.0,20,5760,卖盘
2054,13:26:06,2.88,0.0,7,2016,卖盘
2055,13:26:10,2.88,0.0,5,1440,卖盘
2056,13:26:22,2.88,0.0,20,5760,卖盘
2057,13:26:28,2.88,0.0,60,17280,卖盘
2058,13:26:34,2.88,0.0,91,26208,卖盘
2059,13:26:37,2.88,0.0,397,114336,卖盘
2060,13:26:54,2.88,0.0,20,5760,卖盘
2061,13:27:07,2.88,0.0,30,8640,卖盘
2062,13:27:25,2.88,0.0,29,8352,卖盘
2063,13:27:27,2.88,0.0,3,864,卖盘
2064,13:27:31,2.88,0.0,31,8928,卖盘
2065,13:27:42,2.88,0.0,31,8928,卖盘
2066,13:27:46,2.88,0.0,5,1440,卖盘
2067,13:27:52,2.88,0.0,103,29664,卖盘
2068,13:27:58,2.88,0.0,18,5184,卖盘
2069,13:28:16,2.88,0.0,23,6624,卖盘
2070,13:28:19,2.88,0.0,144,41472,卖盘
2071,13:28:21,2.88,0.0,200,57600,卖盘
2072,13:28:43,2.88,0.0,30,8640,卖盘
2073,13:28:51,2.88,0.0,35,10080,卖盘
2074,13:29:00,2.88,0.0,45,12960,卖盘
2075,13:29:04,2.88,0.0,1,288,卖盘
2076,13:29:06,2.88,0.0,13,3744,卖盘
2077,13:29:21,2.88,0.0,9,2592,卖盘
2078,13:29:24,2.88,0.0,100,28800,卖盘
2079,13:29:27,2.88,0.0,30,8640,卖盘
2080,13:29:30,2.88,0.0,13,3744,卖盘
2081,13:29:42,2.88,0.0,70,20160,卖盘
2082,13:29:57,2.88,0.0,62,17856,卖盘
2083,13:30:07,2.88,0.0,20,5760,卖盘
2084,13:30:13,2.88,0.0,10,2880,卖盘
2085,13:30:22,2.88,0.0,15,4320,卖盘
2086,13:30:28,2.88,0.0,15,4320,卖盘
2087,13:30:34,2.88,0.0,151,43488,卖盘
2088,13:30:37,2.88,0.0,14,4032,卖盘
2089,13:30:43,2.88,0.0,50,14400,卖盘
2090,13:30:48,2.88,0.0,83,23904,卖盘
2091,13:30:58,2.88,0.0,144,41472,卖盘
2092,13:31:15,2.88,0.0,9,2592,卖盘
2093,13:31:18,2.88,0.0,58,16704,卖盘
2094,13:31:25,2.88,0.0,117,33696,卖盘
2095,13:32:13,2.88,0.0,18,5184,卖盘
2096,13:32:27,2.88,0.0,32,9216,卖盘
2097,13:32:37,2.88,0.0,20,5760,卖盘
2098,13:32:45,2.88,0.0,6,1728,卖盘
2099,13:32:55,2.88,0.0,4,1152,卖盘
2100,13:32:58,2.88,0.0,10,2880,卖盘
2101,13:33:04,2.88,0.0,25,7200,卖盘
2102,13:33:15,2.88,0.0,32,9216,卖盘
2103,13:33:22,2.88,0.0,20,5760,卖盘
2104,13:33:31,2.88,0.0,120,34560,卖盘
2105,13:33:34,2.88,0.0,40,11520,卖盘
2106,13:33:43,2.88,0.0,19,5472,卖盘
2107,13:33:51,2.88,0.0,48,13824,卖盘
2108,13:34:00,2.88,0.0,68,19584,卖盘
2109,13:34:19,2.88,0.0,76,21888,卖盘
2110,13:34:27,2.88,0.0,40,11520,卖盘
2111,13:34:30,2.88,0.0,209,60192,卖盘
2112,13:34:40,2.88,0.0,8,2304,卖盘
2113,13:34:45,2.88,0.0,1,288,卖盘
2114,13:34:51,2.88,0.0,3,864,卖盘
2115,13:34:54,2.88,0.0,4,1152,卖盘
2116,13:35:10,2.88,0.0,690,198720,卖盘
2117,13:35:19,2.88,0.0,3,864,卖盘
2118,13:35:34,2.88,0.0,3783,1089504,卖盘
2119,13:35:36,2.88,0.0,10,2880,卖盘
2120,13:35:39,2.88,0.0,71,20448,卖盘
2121,13:35:43,2.88,0.0,19,5472,卖盘
2122,13:35:58,2.88,0.0,27,7776,卖盘
2123,13:36:01,2.88,0.0,3,864,卖盘
2124,13:36:07,2.88,0.0,98,28224,卖盘
2125,13:36:13,2.88,0.0,34,9792,卖盘
2126,13:36:15,2.88,0.0,39,11232,卖盘
2127,13:36:19,2.88,0.0,75,21600,卖盘
2128,13:36:21,2.88,0.0,10,2880,卖盘
2129,13:36:30,2.88,0.0,2,576,卖盘
2130,13:36:33,2.88,0.0,9,2592,卖盘
2131,13:36:36,2.88,0.0,5,1440,卖盘
2132,13:36:40,2.88,0.0,50,14400,卖盘
2133,13:36:43,2.88,0.0,317,91296,卖盘
2134,13:36:45,2.88,0.0,24,6912,卖盘
2135,13:36:48,2.88,0.0,89,25632,卖盘
2136,13:36:55,2.88,0.0,40,11520,卖盘
2137,13:37:04,2.88,0.0,8,2304,卖盘
2138,13:37:07,2.88,0.0,20,5760,卖盘
2139,13:37:13,2.88,0.0,20,5760,卖盘
2140,13:37:31,2.88,0.0,114,32832,卖盘
2141,13:38:04,2.88,0.0,60,17280,卖盘
2142,13:38:16,2.88,0.0,3,864,卖盘
2143,13:38:25,2.88,0.0,50,14400,卖盘
2144,13:38:28,2.88,0.0,50,14400,卖盘
2145,13:38:33,2.88,0.0,5,1440,卖盘
2146,13:38:36,2.88,0.0,1390,400320,卖盘
2147,13:38:46,2.88,0.0,10,2880,卖盘
2148,13:39:04,2.88,0.0,50,14400,卖盘
2149,13:39:12,2.88,0.0,23,6624,卖盘
2150,13:39:25,2.88,0.0,1,288,卖盘
2151,13:39:27,2.88,0.0,5,1440,卖盘
2152,13:39:40,2.88,0.0,5,1440,卖盘
2153,13:39:48,2.88,0.0,49,14112,卖盘
2154,13:39:52,2.88,0.0,38,10944,卖盘
2155,13:39:55,2.88,0.0,95,27360,卖盘
2156,13:39:58,2.88,0.0,38,10944,卖盘
2157,13:40:10,2.88,0.0,30,8640,卖盘
2158,13:40:13,2.88,0.0,1007,290016,卖盘
2159,13:40:21,2.88,0.0,11,3168,卖盘
2160,13:40:24,2.88,0.0,72,20736,卖盘
2161,13:40:40,2.88,0.0,4,1152,卖盘
2162,13:40:46,2.88,0.0,60,17280,卖盘
2163,13:40:48,2.88,0.0,16,4608,卖盘
2164,13:41:10,2.88,0.0,10,2880,卖盘
2165,13:41:16,2.88,0.0,2,576,卖盘
2166,13:41:19,2.88,0.0,3,864,卖盘
2167,13:41:24,2.88,0.0,1,288,卖盘
2168,13:41:34,2.88,0.0,1,288,卖盘
2169,13:41:49,2.88,0.0,159,45792,卖盘
2170,13:41:57,2.88,0.0,300,86400,卖盘
2171,13:42:00,2.88,0.0,1,288,卖盘
2172,13:42:12,2.88,0.0,16,4608,卖盘
2173,13:42:19,2.88,0.0,13,3744,卖盘
2174,13:42:27,2.88,0.0,2,576,卖盘
2175,13:42:37,2.88,0.0,5,1440,卖盘
2176,13:42:39,2.88,0.0,39,11232,卖盘
2177,13:42:49,2.88,0.0,2,576,卖盘
2178,13:43:04,2.88,0.0,20,5760,卖盘
2179,13:43:07,2.88,0.0,4,1152,卖盘
2180,13:43:22,2.88,0.0,1,288,卖盘
2181,13:43:28,2.88,0.0,5,1440,卖盘
2182,13:43:34,2.88,0.0,20,5760,卖盘
2183,13:43:39,2.88,0.0,111,31968,卖盘
2184,13:43:42,2.88,0.0,4,1152,卖盘
2185,13:43:58,2.88,0.0,14,4032,卖盘
2186,13:44:06,2.88,0.0,1,288,卖盘
2187,13:44:33,2.88,0.0,2,576,卖盘
2188,13:44:40,2.88,0.0,10,2880,卖盘
2189,13:45:01,2.88,0.0,36,10368,卖盘
2190,13:45:22,2.88,0.0,50,14400,卖盘
2191,13:45:24,2.88,0.0,21,6048,卖盘
2192,13:46:13,2.88,0.0,17,4896,卖盘
2193,13:46:25,2.88,0.0,12,3456,卖盘
2194,13:46:28,2.88,0.0,2,576,卖盘
2195,13:46:31,2.88,0.0,19,5472,卖盘
2196,13:46:48,2.88,0.0,233,67104,卖盘
2197,13:46:52,2.88,0.0,28,8064,卖盘
2198,13:47:04,2.88,0.0,12,3456,卖盘
2199,13:47:22,2.88,0.0,24,6912,卖盘
2200,13:47:40,2.88,0.0,10,2880,卖盘
2201,13:47:51,2.88,0.0,350,100800,卖盘
2202,13:47:55,2.88,0.0,10,2880,卖盘
2203,13:48:13,2.88,0.0,15,4320,卖盘
2204,13:48:22,2.88,0.0,500,144000,卖盘
2205,13:48:36,2.88,0.0,142,40896,卖盘
2206,13:48:43,2.88,0.0,27,7776,卖盘
2207,13:48:48,2.88,0.0,37,10656,卖盘
2208,13:48:54,2.88,0.0,5,1440,卖盘
2209,13:49:07,2.88,0.0,15,4320,卖盘
2210,13:49:25,2.88,0.0,28,8064,卖盘
2211,13:49:31,2.88,0.0,500,144000,卖盘
2212,13:49:42,2.88,0.0,110,31680,卖盘
2213,13:49:49,2.88,0.0,8,2304,卖盘
2214,13:49:52,2.88,0.0,51,14688,卖盘
2215,13:49:58,2.88,0.0,10,2880,卖盘
2216,13:50:04,2.88,0.0,1,288,卖盘
2217,13:50:15,2.88,0.0,4,1152,卖盘
2218,13:50:18,2.88,0.0,4,1152,卖盘
2219,13:50:34,2.88,0.0,10,2880,卖盘
2220,13:50:43,2.88,0.0,50,14400,卖盘
2221,13:50:55,2.88,0.0,33,9504,卖盘
2222,13:51:00,2.88,0.0,40,11520,卖盘
2223,13:51:04,2.88,0.0,7,2016,卖盘
2224,13:51:10,2.88,0.0,24,6912,卖盘
2225,13:51:13,2.88,0.0,4,1152,卖盘
2226,13:51:22,2.88,0.0,90,25920,卖盘
2227,13:51:31,2.88,0.0,50,14400,卖盘
2228,13:51:39,2.88,0.0,1,288,卖盘
2229,13:51:57,2.88,0.0,1,288,卖盘
2230,13:52:21,2.88,0.0,36,10368,卖盘
2231,13:52:28,2.88,0.0,48,13824,卖盘
2232,13:52:52,2.88,0.0,1,288,卖盘
2233,13:52:55,2.88,0.0,10,2880,卖盘
2234,13:53:00,2.88,0.0,5,1440,卖盘
2235,13:53:04,2.88,0.0,1,288,卖盘
2236,13:53:16,2.88,0.0,33,9504,卖盘
2237,13:53:19,2.88,0.0,3,864,卖盘
2238,13:53:25,2.88,0.0,100,28800,卖盘
2239,13:53:30,2.88,0.0,10,2880,卖盘
2240,13:53:37,2.88,0.0,1,288,卖盘
2241,13:53:52,2.88,0.0,10,2880,卖盘
2242,13:54:01,2.88,0.0,92,26496,卖盘
2243,13:54:04,2.88,0.0,93,26784,卖盘
2244,13:54:07,2.88,0.0,70,20160,卖盘
2245,13:54:13,2.88,0.0,6,1728,卖盘
2246,13:54:16,2.88,0.0,5,1440,卖盘
2247,13:54:24,2.88,0.0,30,8640,卖盘
2248,13:54:34,2.88,0.0,40,11520,卖盘
2249,13:54:40,2.88,0.0,9,2592,卖盘
2250,13:54:49,2.88,0.0,5,1440,卖盘
2251,13:54:58,2.88,0.0,100,28800,卖盘
2252,13:55:01,2.88,0.0,100,28800,卖盘
2253,13:55:04,2.88,0.0,20,5760,卖盘
2254,13:55:06,2.88,0.0,25,7200,卖盘
2255,13:55:13,2.88,0.0,3,864,卖盘
2256,13:55:16,2.88,0.0,80,23040,卖盘
2257,13:55:19,2.88,0.0,4,1152,卖盘
2258,13:55:22,2.88,0.0,150,43200,卖盘
2259,13:55:25,2.88,0.0,83,23904,卖盘
2260,13:55:34,2.88,0.0,31,8928,卖盘
2261,13:55:37,2.88,0.0,7,2016,卖盘
2262,13:55:43,2.88,0.0,20,5760,卖盘
2263,13:55:49,2.88,0.0,30,8640,卖盘
2264,13:55:55,2.88,0.0,8,2304,卖盘
2265,13:55:58,2.88,0.0,30,8640,卖盘
2266,13:56:00,2.88,0.0,10,2880,卖盘
2267,13:56:04,2.88,0.0,1,288,卖盘
2268,13:56:07,2.88,0.0,18,5184,卖盘
2269,13:56:16,2.88,0.0,9,2592,卖盘
2270,13:56:25,2.88,0.0,27,7776,卖盘
2271,13:56:33,2.88,0.0,180,51840,卖盘
2272,13:56:39,2.88,0.0,36,10368,卖盘
2273,13:56:43,2.88,0.0,44,12672,卖盘
2274,13:56:45,2.88,0.0,100,28800,卖盘
2275,13:56:55,2.88,0.0,13,3744,卖盘
2276,13:56:58,2.88,0.0,154,44352,卖盘
2277,13:57:01,2.88,0.0,9,2592,卖盘
2278,13:57:04,2.88,0.0,40,11520,卖盘
2279,13:57:34,2.88,0.0,30,8640,卖盘
2280,13:57:36,2.88,0.0,10,2880,卖盘
2281,13:57:40,2.88,0.0,21,6048,卖盘
2282,13:57:58,2.88,0.0,9,2592,卖盘
2283,13:58:16,2.88,0.0,29,8352,卖盘
2284,13:58:36,2.88,0.0,20,5760,卖盘
2285,13:58:52,2.88,0.0,25,7200,卖盘
2286,13:59:01,2.88,0.0,17,4896,卖盘
2287,13:59:07,2.88,0.0,10,2880,卖盘
2288,13:59:43,2.88,0.0,1,288,卖盘
2289,13:59:48,2.88,0.0,200,57600,卖盘
2290,13:59:51,2.88,0.0,20,5760,卖盘
2291,13:59:58,2.88,0.0,184,52992,卖盘
2292,14:00:01,2.88,0.0,37,10656,卖盘
2293,14:00:04,2.88,0.0,2,576,卖盘
2294,14:00:13,2.88,0.0,5,1440,卖盘
2295,14:00:22,2.88,0.0,42,12096,卖盘
2296,14:00:25,2.88,0.0,10,2880,卖盘
2297,14:00:36,2.88,0.0,11,3168,卖盘
2298,14:00:39,2.88,0.0,20,5760,卖盘
2299,14:00:43,2.88,0.0,1,288,卖盘
2300,14:00:52,2.88,0.0,60,17280,卖盘
2301,14:00:58,2.88,0.0,47,13536,卖盘
2302,14:01:01,2.88,0.0,81,23328,卖盘
2303,14:01:04,2.88,0.0,1,288,卖盘
2304,14:01:13,2.88,0.0,135,38880,卖盘
2305,14:01:25,2.88,0.0,617,177696,卖盘
2306,14:01:40,2.88,0.0,121,34848,卖盘
2307,14:01:46,2.88,0.0,30,8640,卖盘
2308,14:01:49,2.88,0.0,21,6048,卖盘
2309,14:01:55,2.88,0.0,148,42624,卖盘
2310,14:01:57,2.88,0.0,11,3168,卖盘
2311,14:02:04,2.88,0.0,15,4320,卖盘
2312,14:02:10,2.88,0.0,10,2880,卖盘
2313,14:02:13,2.88,0.0,5,1440,卖盘
2314,14:02:16,2.88,0.0,61,17568,卖盘
2315,14:02:18,2.88,0.0,4,1152,卖盘
2316,14:02:22,2.88,0.0,20,5760,卖盘
2317,14:02:28,2.88,0.0,10,2880,卖盘
2318,14:02:31,2.88,0.0,67,19296,卖盘
2319,14:02:37,2.88,0.0,1,288,卖盘
2320,14:02:45,2.88,0.0,88,25344,卖盘
2321,14:02:52,2.88,0.0,25,7200,卖盘
2322,14:02:58,2.88,0.0,12,3456,卖盘
2323,14:03:01,2.88,0.0,40,11520,卖盘
2324,14:03:04,2.88,0.0,53,15264,卖盘
2325,14:03:13,2.88,0.0,30,8640,卖盘
2326,14:03:21,2.88,0.0,51,14688,卖盘
2327,14:03:24,2.88,0.0,13,3744,卖盘
2328,14:03:30,2.88,0.0,10,2880,卖盘
2329,14:03:36,2.88,0.0,539,155232,卖盘
2330,14:03:52,2.88,0.0,1,288,卖盘
2331,14:03:55,2.88,0.0,105,30240,卖盘
2332,14:04:01,2.88,0.0,36,10368,卖盘
2333,14:04:07,2.88,0.0,47,13536,卖盘
2334,14:04:10,2.88,0.0,50,14400,卖盘
2335,14:04:15,2.88,0.0,2,576,卖盘
2336,14:04:22,2.88,0.0,32,9216,卖盘
2337,14:04:34,2.88,0.0,2,576,卖盘
2338,14:04:37,2.88,0.0,1183,340704,卖盘
2339,14:04:46,2.88,0.0,24,6912,卖盘
2340,14:04:52,2.88,0.0,6,1728,卖盘
2341,14:04:58,2.88,0.0,40,11520,卖盘
2342,14:05:13,2.88,0.0,100,28800,卖盘
2343,14:05:16,2.88,0.0,20,5760,卖盘
2344,14:05:28,2.88,0.0,2,576,卖盘
2345,14:05:37,2.88,0.0,50,14400,卖盘
2346,14:05:40,2.88,0.0,23,6624,卖盘
2347,14:05:43,2.88,0.0,15,4320,卖盘
2348,14:06:19,2.88,0.0,3,864,卖盘
2349,14:06:22,2.88,0.0,20,5760,卖盘
2350,14:06:31,2.88,0.0,63,18144,卖盘
2351,14:06:42,2.88,0.0,2,576,卖盘
2352,14:06:48,2.88,0.0,2845,819360,卖盘
2353,14:07:01,2.88,0.0,4,1152,卖盘
2354,14:07:04,2.88,0.0,21,6048,卖盘
2355,14:07:06,2.88,0.0,1,288,卖盘
2356,14:07:19,2.88,0.0,19,5472,卖盘
2357,14:07:31,2.88,0.0,5,1440,卖盘
2358,14:07:40,2.88,0.0,5,1440,卖盘
2359,14:07:51,2.88,0.0,39,11232,卖盘
2360,14:07:55,2.88,0.0,33,9504,卖盘
2361,14:08:04,2.88,0.0,20,5760,卖盘
2362,14:08:27,2.88,0.0,11,3168,卖盘
2363,14:08:31,2.88,0.0,1,288,卖盘
2364,14:08:36,2.88,0.0,16,4608,卖盘
2365,14:08:49,2.88,0.0,15,4320,卖盘
2366,14:08:55,2.88,0.0,40,11520,卖盘
2367,14:09:19,2.88,0.0,10,2880,卖盘
2368,14:09:28,2.88,0.0,318,91584,卖盘
2369,14:09:33,2.88,0.0,30,8640,卖盘
2370,14:09:52,2.88,0.0,1,288,卖盘
2371,14:09:55,2.88,0.0,10,2880,卖盘
2372,14:09:57,2.88,0.0,2,576,卖盘
2373,14:10:04,2.88,0.0,40,11520,卖盘
2374,14:10:12,2.88,0.0,3,864,卖盘
2375,14:10:16,2.88,0.0,50,14400,卖盘
2376,14:10:25,2.88,0.0,20,5760,卖盘
2377,14:10:31,2.88,0.0,10000,2880000,卖盘
2378,14:10:40,2.88,0.0,10,2880,卖盘
2379,14:10:46,2.88,0.0,3,864,卖盘
2380,14:10:51,2.88,0.0,93,26784,卖盘
2381,14:10:55,2.88,0.0,50,14400,卖盘
2382,14:10:58,2.88,0.0,6,1728,卖盘
2383,14:11:19,2.88,0.0,83,23904,卖盘
2384,14:11:25,2.88,0.0,4,1152,卖盘
2385,14:11:28,2.88,0.0,20,5760,卖盘
2386,14:11:31,2.88,0.0,10,2880,卖盘
2387,14:11:40,2.88,0.0,100,28800,卖盘
2388,14:11:52,2.88,0.0,10,2880,卖盘
2389,14:12:01,2.88,0.0,15,4320,卖盘
2390,14:12:04,2.88,0.0,10,2880,卖盘
2391,14:12:06,2.88,0.0,60,17280,卖盘
2392,14:12:18,2.88,0.0,46,13248,卖盘
2393,14:12:25,2.88,0.0,5,1440,卖盘
2394,14:12:28,2.88,0.0,10,2880,卖盘
2395,14:12:34,2.88,0.0,3,864,卖盘
2396,14:12:42,2.88,0.0,16,4608,卖盘
2397,14:12:52,2.88,0.0,25,7200,卖盘
2398,14:13:01,2.88,0.0,23,6624,卖盘
2399,14:13:10,2.88,0.0,4,1152,卖盘
2400,14:13:13,2.88,0.0,184,52992,卖盘
2401,14:13:19,2.88,0.0,13,3744,卖盘
2402,14:13:34,2.88,0.0,10,2880,卖盘
2403,14:13:54,2.88,0.0,100,28800,卖盘
2404,14:14:01,2.88,0.0,20,5760,卖盘
2405,14:14:04,2.88,0.0,2,576,卖盘
2406,14:14:06,2.88,0.0,100,28800,卖盘
2407,14:14:15,2.88,0.0,23,6624,卖盘
2408,14:14:25,2.88,0.0,3,864,卖盘
2409,14:14:28,2.88,0.0,40,11520,卖盘
2410,14:14:40,2.88,0.0,10,2880,卖盘
2411,14:14:55,2.88,0.0,4,1152,卖盘
2412,14:15:00,2.88,0.0,3,864,卖盘
2413,14:15:09,2.88,0.0,10,2880,卖盘
2414,14:15:19,2.88,0.0,10,2880,卖盘
2415,14:15:22,2.88,0.0,38,10944,卖盘
2416,14:15:31,2.88,0.0,8,2304,卖盘
2417,14:15:40,2.88,0.0,71,20448,卖盘
2418,14:15:49,2.88,0.0,2,576,卖盘
2419,14:15:57,2.88,0.0,10,2880,卖盘
2420,14:16:04,2.88,0.0,20,5760,卖盘
2421,14:16:07,2.88,0.0,14,4032,卖盘
2422,14:16:19,2.88,0.0,50,14400,卖盘
2423,14:16:34,2.88,0.0,20,5760,卖盘
2424,14:17:28,2.88,0.0,5,1440,卖盘
2425,14:17:31,2.88,0.0,5,1440,卖盘
2426,14:18:24,2.88,0.0,10,2880,卖盘
2427,14:18:33,2.88,0.0,40,11520,卖盘
2428,14:18:43,2.88,0.0,11,3168,卖盘
2429,14:18:46,2.88,0.0,20,5760,卖盘
2430,14:18:52,2.88,0.0,3,864,卖盘
2431,14:19:19,2.88,0.0,6,1728,卖盘
2432,14:19:24,2.88,0.0,19,5472,卖盘
2433,14:19:33,2.88,0.0,1,288,卖盘
2434,14:19:43,2.88,0.0,5,1440,卖盘
2435,14:19:51,2.88,0.0,10,2880,卖盘
2436,14:20:07,2.88,0.0,60,17280,卖盘
2437,14:20:10,2.88,0.0,139,40032,卖盘
2438,14:20:22,2.88,0.0,8,2304,卖盘
2439,14:20:30,2.88,0.0,100,28800,卖盘
2440,14:20:37,2.88,0.0,1,288,卖盘
2441,14:20:46,2.88,0.0,42,12096,卖盘
2442,14:21:31,2.88,0.0,1,288,卖盘
2443,14:21:40,2.88,0.0,39,11232,卖盘
2444,14:21:42,2.88,0.0,200,57600,卖盘
2445,14:21:46,2.88,0.0,1,288,卖盘
2446,14:22:01,2.88,0.0,1,288,卖盘
2447,14:22:12,2.88,0.0,19,5472,卖盘
2448,14:22:21,2.88,0.0,5,1440,卖盘
2449,14:22:24,2.88,0.0,67,19296,卖盘
2450,14:22:31,2.88,0.0,30,8640,卖盘
2451,14:22:46,2.88,0.0,12,3456,卖盘
2452,14:23:15,2.88,0.0,30,8640,卖盘
2453,14:23:36,2.88,0.0,1,288,卖盘
2454,14:23:40,2.88,0.0,27,7776,卖盘
2455,14:23:58,2.88,0.0,27,7776,卖盘
2456,14:24:04,2.88,0.0,22,6336,卖盘
2457,14:24:43,2.88,0.0,200,57600,卖盘
2458,14:25:04,2.88,0.0,6,1728,卖盘
2459,14:25:12,2.88,0.0,1155,332640,卖盘
2460,14:25:18,2.88,0.0,1,288,卖盘
2461,14:25:25,2.88,0.0,4,1152,卖盘
2462,14:25:27,2.88,0.0,2,576,卖盘
2463,14:25:52,2.88,0.0,10,2880,卖盘
2464,14:25:58,2.88,0.0,30,8640,卖盘
2465,14:26:01,2.88,0.0,9,2592,卖盘
2466,14:26:04,2.88,0.0,5,1440,卖盘
2467,14:26:07,2.88,0.0,1,288,卖盘
2468,14:26:13,2.88,0.0,20,5760,卖盘
2469,14:26:22,2.88,0.0,10,2880,卖盘
2470,14:26:25,2.88,0.0,6,1728,卖盘
2471,14:26:34,2.88,0.0,4,1152,卖盘
2472,14:26:37,2.88,0.0,15,4320,卖盘
2473,14:26:43,2.88,0.0,12,3456,卖盘
2474,14:26:55,2.88,0.0,2,576,卖盘
2475,14:27:31,2.88,0.0,104,29952,卖盘
2476,14:27:55,2.88,0.0,226,65088,卖盘
2477,14:28:06,2.88,0.0,10,2880,卖盘
2478,14:28:25,2.88,0.0,25,7200,卖盘
2479,14:28:28,2.88,0.0,6,1728,卖盘
2480,14:28:34,2.88,0.0,5,1440,卖盘
2481,14:28:52,2.88,0.0,1,288,卖盘
2482,14:29:01,2.88,0.0,5,1440,卖盘
2483,14:29:10,2.88,0.0,50,14400,卖盘
2484,14:29:21,2.88,0.0,3,864,卖盘
2485,14:29:31,2.88,0.0,75,21600,卖盘
2486,14:29:49,2.88,0.0,26,7488,卖盘
2487,14:29:54,2.88,0.0,5,1440,卖盘
2488,14:30:01,2.88,0.0,50,14400,卖盘
2489,14:30:16,2.88,0.0,1,288,卖盘
2490,14:30:18,2.88,0.0,100,28800,卖盘
2491,14:30:30,2.88,0.0,20,5760,卖盘
2492,14:30:46,2.88,0.0,5,1440,卖盘
2493,14:31:37,2.88,0.0,2,576,卖盘
2494,14:31:39,2.88,0.0,62,17856,卖盘
2495,14:31:52,2.88,0.0,31,8928,卖盘
2496,14:31:54,2.88,0.0,30,8640,卖盘
2497,14:32:09,2.88,0.0,40,11520,卖盘
2498,14:32:19,2.88,0.0,5,1440,卖盘
2499,14:32:25,2.88,0.0,5,1440,卖盘
2500,14:32:33,2.88,0.0,15,4320,卖盘
2501,14:32:42,2.88,0.0,59,16992,卖盘
2502,14:32:52,2.88,0.0,10,2880,卖盘
2503,14:33:03,2.88,0.0,30,8640,卖盘
2504,14:33:22,2.88,0.0,11,3168,卖盘
2505,14:33:31,2.88,0.0,10,2880,卖盘
2506,14:33:34,2.88,0.0,5,1440,卖盘
2507,14:33:48,2.88,0.0,2,576,卖盘
2508,14:33:57,2.88,0.0,25,7200,卖盘
2509,14:34:00,2.88,0.0,61,17568,卖盘
2510,14:34:09,2.88,0.0,50,14400,卖盘
2511,14:34:16,2.88,0.0,102,29376,卖盘
2512,14:34:31,2.88,0.0,64,18432,卖盘
2513,14:34:52,2.88,0.0,10,2880,卖盘
2514,14:35:13,2.88,0.0,20,5760,卖盘
2515,14:35:28,2.88,0.0,16,4608,卖盘
2516,14:35:48,2.88,0.0,51,14688,卖盘
2517,14:35:52,2.88,0.0,16,4608,卖盘
2518,14:35:54,2.88,0.0,95,27360,卖盘
2519,14:36:45,2.88,0.0,103,29664,卖盘
2520,14:37:07,2.88,0.0,1,288,卖盘
2521,14:37:10,2.88,0.0,50,14400,卖盘
2522,14:37:16,2.88,0.0,43,12384,卖盘
2523,14:37:19,2.88,0.0,30,8640,卖盘
2524,14:37:24,2.88,0.0,6,1728,卖盘
2525,14:37:27,2.88,0.0,10,2880,卖盘
2526,14:37:31,2.88,0.0,16,4608,卖盘
2527,14:37:37,2.88,0.0,30,8640,卖盘
2528,14:37:52,2.88,0.0,6,1728,卖盘
2529,14:38:00,2.88,0.0,10,2880,卖盘
2530,14:38:13,2.88,0.0,10,2880,卖盘
2531,14:38:27,2.88,0.0,5,1440,卖盘
2532,14:38:46,2.88,0.0,50,14400,卖盘
2533,14:38:51,2.88,0.0,72,20736,卖盘
2534,14:39:22,2.88,0.0,7,2016,卖盘
2535,14:39:25,2.88,0.0,12,3456,卖盘
2536,14:39:28,2.88,0.0,3,864,卖盘
2537,14:39:46,2.88,0.0,1,288,卖盘
2538,14:40:37,2.88,0.0,30,8640,卖盘
2539,14:40:55,2.88,0.0,28,8064,卖盘
2540,14:41:01,2.88,0.0,5,1440,卖盘
2541,14:41:19,2.88,0.0,3,864,卖盘
2542,14:41:31,2.88,0.0,3,864,卖盘
2543,14:41:40,2.88,0.0,5,1440,卖盘
2544,14:41:43,2.88,0.0,10,2880,卖盘
2545,14:41:55,2.88,0.0,1,288,卖盘
2546,14:42:01,2.88,0.0,11,3168,卖盘
2547,14:42:04,2.88,0.0,244,70272,卖盘
2548,14:42:07,2.88,0.0,5,1440,卖盘
2549,14:42:28,2.88,0.0,23,6624,卖盘
2550,14:42:55,2.88,0.0,60,17280,卖盘
2551,14:42:57,2.88,0.0,5,1440,卖盘
2552,14:43:16,2.88,0.0,4,1152,卖盘
2553,14:43:19,2.88,0.0,2,576,卖盘
2554,14:43:24,2.88,0.0,5,1440,卖盘
2555,14:43:27,2.88,0.0,10,2880,卖盘
2556,14:43:30,2.88,0.0,55,15840,卖盘
2557,14:44:04,2.88,0.0,50,14400,卖盘
2558,14:44:16,2.88,0.0,30,8640,卖盘
2559,14:44:43,2.88,0.0,10,2880,卖盘
2560,14:44:45,2.88,0.0,75,21600,卖盘
2561,14:44:49,2.88,0.0,72,20736,卖盘
2562,14:44:52,2.88,0.0,64,18432,卖盘
2563,14:45:07,2.88,0.0,14,4032,卖盘
2564,14:45:10,2.88,0.0,15,4320,卖盘
2565,14:45:16,2.88,0.0,41,11808,卖盘
2566,14:45:36,2.88,0.0,4,1152,卖盘
2567,14:45:39,2.88,0.0,37,10656,卖盘
2568,14:46:04,2.88,0.0,2,576,卖盘
2569,14:46:09,2.88,0.0,1,288,卖盘
2570,14:46:40,2.88,0.0,10,2880,卖盘
2571,14:46:43,2.88,0.0,30,8640,卖盘
2572,14:47:01,2.88,0.0,20,5760,卖盘
2573,14:47:31,2.88,0.0,5,1440,卖盘
2574,14:47:37,2.88,0.0,100,28800,卖盘
2575,14:48:01,2.88,0.0,20,5760,卖盘
2576,14:48:04,2.88,0.0,10,2880,卖盘
2577,14:48:16,2.88,0.0,4,1152,卖盘
2578,14:49:07,2.88,0.0,89,25632,卖盘
2579,14:49:13,2.88,0.0,20,5760,卖盘
2580,14:49:16,2.88,0.0,1,288,卖盘
2581,14:49:28,2.88,0.0,10,2880,卖盘
2582,14:49:36,2.88,0.0,474,136512,卖盘
2583,14:49:39,2.88,0.0,9,2592,卖盘
2584,14:49:49,2.88,0.0,20,5760,卖盘
2585,14:49:55,2.88,0.0,230,66240,卖盘
2586,14:50:04,2.88,0.0,50,14400,卖盘
2587,14:50:22,2.88,0.0,5,1440,卖盘
2588,14:50:25,2.88,0.0,72,20736,卖盘
2589,14:50:31,2.88,0.0,1,288,卖盘
2590,14:50:43,2.88,0.0,47,13536,卖盘
2591,14:50:55,2.88,0.0,19,5472,卖盘
2592,14:51:01,2.88,0.0,11,3168,卖盘
2593,14:51:18,2.88,0.0,20,5760,卖盘
2594,14:51:25,2.88,0.0,79,22752,卖盘
2595,14:51:34,2.88,0.0,3,864,卖盘
2596,14:51:40,2.88,0.0,9,2592,卖盘
2597,14:51:45,2.88,0.0,325,93600,卖盘
2598,14:51:49,2.88,0.0,1,288,卖盘
2599,14:51:52,2.88,0.0,21,6048,卖盘
2600,14:51:58,2.88,0.0,11,3168,卖盘
2601,14:52:04,2.88,0.0,5,1440,卖盘
2602,14:52:22,2.88,0.0,100,28800,卖盘
2603,14:52:34,2.88,0.0,6,1728,卖盘
2604,14:52:37,2.88,0.0,49,14112,卖盘
2605,14:52:49,2.88,0.0,1,288,卖盘
2606,14:53:19,2.88,0.0,15,4320,卖盘
2607,14:53:22,2.88,0.0,5,1440,卖盘
2608,14:53:31,2.88,0.0,10,2880,卖盘
2609,14:53:42,2.88,0.0,3,864,卖盘
2610,14:53:46,2.88,0.0,10,2880,卖盘
2611,14:53:54,2.88,0.0,5,1440,卖盘
2612,14:54:01,2.88,0.0,4,1152,卖盘
2613,14:54:13,2.88,0.0,1,288,卖盘
2614,14:54:24,2.88,0.0,393,113184,卖盘
2615,14:54:28,2.88,0.0,15,4320,卖盘
2616,14:54:34,2.88,0.0,5,1440,卖盘
2617,14:54:45,2.88,0.0,10,2880,卖盘
2618,14:54:48,2.88,0.0,2,576,卖盘
2619,14:55:04,2.88,0.0,9,2592,卖盘
2620,14:55:07,2.88,0.0,2,576,卖盘
2621,14:55:22,2.88,0.0,7,2016,卖盘
2622,14:55:25,2.88,0.0,35,10080,卖盘
2623,14:55:28,2.88,0.0,29,8352,卖盘
2624,14:55:43,2.88,0.0,50,14400,卖盘
2625,14:55:46,2.88,0.0,25,7200,卖盘
2626,14:55:49,2.88,0.0,8,2304,卖盘
2627,14:55:54,2.88,0.0,1,288,卖盘
2628,14:56:01,2.88,0.0,18,5184,卖盘
2629,14:56:07,2.88,0.0,25,7200,卖盘
2630,14:56:10,2.88,0.0,15,4320,卖盘
2631,14:56:16,2.88,0.0,5,1440,卖盘
2632,14:56:27,2.88,0.0,36,10368,卖盘
2633,14:56:31,2.88,0.0,12,3456,卖盘
2634,14:56:37,2.88,0.0,100,28800,卖盘
2635,14:56:40,2.88,0.0,5,1440,卖盘
2636,14:57:00,2.88,0.0,100,28800,卖盘
2637,15:00:04,2.88,0.0,2603,749664,卖盘
