,time,price,change,volume,amount,type
0,09:25:04,21.75,-0.06,42,91350,卖盘
1,09:30:05,21.75,0.0,445,967253,买盘
2,09:30:07,21.7,-0.05,8,17360,中性盘
3,09:30:10,21.65,-0.05,19,41164,卖盘
4,09:30:13,21.68,0.03,1,2168,中性盘
5,09:30:19,21.7,0.02,8,17350,买盘
6,09:30:25,21.7,0.0,1,2170,买盘
7,09:30:28,21.73,0.03,106,230020,买盘
8,09:30:31,21.65,-0.08,16,34640,卖盘
9,09:30:40,21.7,0.05,4,8680,卖盘
10,09:30:46,21.73,0.03,5,10865,买盘
11,09:30:55,21.74,0.01,300,651955,买盘
12,09:30:58,21.71,-0.03,50,108550,卖盘
13,09:31:01,21.73,0.02,23,49992,中性盘
14,09:31:07,21.74,0.01,1,2174,买盘
15,09:31:13,21.74,0.0,7,15218,买盘
16,09:31:16,21.74,0.0,302,655378,买盘
17,09:31:19,21.74,0.0,12,26088,买盘
18,09:31:22,21.74,0.0,52,113048,买盘
19,09:31:31,21.7,-0.04,86,186739,卖盘
20,09:31:34,21.7,0.0,73,158410,买盘
21,09:31:37,21.7,0.0,10,21700,买盘
22,09:31:43,21.7,0.0,5,10850,买盘
23,09:31:46,21.7,0.0,7,15190,买盘
24,09:31:55,21.7,0.0,29,62930,买盘
25,09:32:04,21.73,0.03,130,282490,买盘
26,09:32:07,21.66,-0.07,36,78028,卖盘
27,09:32:10,21.66,0.0,98,212258,买盘
28,09:32:13,21.66,0.0,76,164616,买盘
29,09:32:16,21.7,0.04,1,2170,买盘
30,09:32:19,21.73,0.03,18,39105,买盘
31,09:32:22,21.73,0.0,35,76055,买盘
32,09:32:25,21.74,0.01,30,65190,买盘
33,09:32:31,21.74,0.0,26,56524,买盘
34,09:32:34,21.74,0.0,79,171746,买盘
35,09:32:40,21.8,0.06,13,28340,买盘
36,09:32:43,21.8,0.0,13,28340,买盘
37,09:32:46,21.8,0.0,5,10900,买盘
38,09:32:49,21.8,0.0,4,8720,买盘
39,09:32:52,21.81,0.01,38,82843,买盘
40,09:32:55,21.81,0.0,3,6543,买盘
41,09:32:58,21.81,0.0,59,128679,买盘
42,09:33:07,21.83,0.02,5,10915,买盘
43,09:33:10,21.82,-0.01,5,10910,卖盘
44,09:33:13,21.84,0.02,1,2184,买盘
45,09:33:19,21.83,-0.01,3,6549,卖盘
46,09:33:25,21.83,0.0,2,4366,卖盘
47,09:33:28,21.84,0.01,10,21839,买盘
48,09:33:31,21.84,0.0,2,4368,卖盘
49,09:33:34,21.83,-0.01,45,98269,卖盘
50,09:33:40,21.83,0.0,5,10915,买盘
51,09:33:46,21.82,-0.01,1,2182,卖盘
52,09:33:52,21.82,0.0,11,24002,卖盘
53,09:33:55,21.82,0.0,6,13095,卖盘
54,09:33:58,21.82,0.0,4,8728,卖盘
55,09:34:01,21.82,0.0,8,17456,买盘
56,09:34:04,21.81,-0.01,2,4362,卖盘
57,09:34:07,21.81,0.0,4,8724,卖盘
58,09:34:16,21.82,0.01,5,10910,买盘
59,09:34:19,21.83,0.01,24,52369,买盘
60,09:34:25,21.83,0.0,32,69837,买盘
61,09:34:28,21.83,0.0,44,96045,买盘
62,09:34:31,21.85,0.02,17,37135,买盘
63,09:34:34,21.85,0.0,67,146395,买盘
64,09:34:40,21.86,0.01,9,19674,卖盘
65,09:35:01,21.98,0.12,50,109855,买盘
66,09:35:10,21.95,-0.03,3,6585,卖盘
67,09:35:13,21.95,0.0,3,6585,卖盘
68,09:35:16,21.95,0.0,7,15369,卖盘
69,09:35:22,21.95,0.0,19,41705,买盘
70,09:35:25,21.91,-0.04,6,13150,卖盘
71,09:35:28,21.94,0.03,8,17552,买盘
72,09:35:31,21.95,0.01,13,28534,买盘
73,09:35:37,21.96,0.01,99,217397,买盘
74,09:35:40,21.97,0.01,60,131772,买盘
75,09:35:43,21.97,0.0,41,89997,买盘
76,09:35:46,21.92,-0.05,37,81195,卖盘
77,09:35:49,21.97,0.05,49,107567,买盘
78,09:35:55,21.97,0.0,3,6591,卖盘
79,09:35:58,21.97,0.0,5,10985,卖盘
80,09:36:01,21.98,0.01,1,2198,买盘
81,09:36:04,21.97,-0.01,5,10985,卖盘
82,09:36:07,21.98,0.01,94,206612,买盘
83,09:36:10,22.0,0.02,7,15398,买盘
84,09:36:13,21.98,-0.02,66,145068,卖盘
85,09:36:19,22.02,0.04,19,41798,买盘
86,09:36:22,21.98,-0.04,28,61544,卖盘
87,09:36:25,21.98,0.0,51,112097,买盘
88,09:36:28,21.97,-0.01,9,19775,卖盘
89,09:36:31,21.98,0.01,4,8792,买盘
90,09:36:34,22.0,0.02,177,389065,买盘
91,09:36:37,22.0,0.0,53,116600,卖盘
92,09:36:40,22.0,0.0,11,24200,卖盘
93,09:36:43,22.0,0.0,57,125414,卖盘
94,09:36:49,22.02,0.02,5,11010,卖盘
95,09:36:52,22.02,0.0,4,8808,卖盘
96,09:36:55,22.02,0.0,5,11010,买盘
97,09:37:01,22.01,-0.01,6,13206,卖盘
98,09:37:04,22.01,0.0,7,15407,买盘
99,09:37:07,22.0,-0.01,435,956533,卖盘
100,09:37:13,21.93,-0.07,6,13168,卖盘
101,09:37:16,21.95,0.02,7,15359,买盘
102,09:37:19,21.99,0.04,37,81263,买盘
103,09:37:28,21.91,-0.08,27,59157,卖盘
104,09:37:31,21.94,0.03,21,46053,买盘
105,09:37:34,21.94,0.0,14,30716,买盘
106,09:37:37,21.94,0.0,14,30716,买盘
107,09:37:40,21.94,0.0,14,30716,买盘
108,09:37:43,21.9,-0.04,53,116076,卖盘
109,09:37:46,21.92,0.02,22,48224,买盘
110,09:37:49,21.93,0.01,30,65765,买盘
111,09:37:52,21.92,-0.01,17,37264,卖盘
112,09:37:55,21.92,0.0,5,10964,卖盘
113,09:37:58,21.95,0.03,5,10975,买盘
114,09:38:04,21.95,0.0,11,24145,卖盘
115,09:38:07,21.99,0.04,56,122866,买盘
116,09:38:13,21.95,-0.04,1,2195,卖盘
117,09:38:25,21.94,-0.01,1,2194,卖盘
118,09:38:34,21.95,0.01,49,107510,买盘
119,09:38:37,21.94,-0.01,30,65827,中性盘
120,09:38:40,21.94,0.0,1,2194,卖盘
121,09:38:43,21.95,0.01,15,32925,买盘
122,09:38:46,21.95,0.0,59,129512,卖盘
123,09:38:49,21.98,0.03,82,180104,买盘
124,09:38:55,21.96,-0.02,14,30750,卖盘
125,09:39:01,21.96,0.0,53,116454,买盘
126,09:39:04,21.96,0.0,3,6588,买盘
127,09:39:13,21.96,0.0,50,109854,卖盘
128,09:39:19,21.98,0.02,8,17584,卖盘
129,09:39:28,21.99,0.01,59,129730,买盘
130,09:39:31,21.98,-0.01,1,2198,卖盘
131,09:39:34,21.99,0.01,26,57158,买盘
132,09:39:40,21.98,-0.01,50,109925,卖盘
133,09:39:43,21.99,0.01,12,26378,买盘
134,09:39:49,21.98,-0.01,28,61570,卖盘
135,09:39:52,21.99,0.01,1,2199,买盘
136,09:39:55,21.98,-0.01,18,39574,卖盘
137,09:39:58,21.99,0.01,14,30777,买盘
138,09:40:00,21.99,0.0,8,17592,买盘
139,09:40:04,21.99,0.0,5,10995,卖盘
140,09:40:07,21.99,0.0,4,8796,卖盘
141,09:40:10,22.02,0.03,65,143009,买盘
142,09:40:13,22.01,-0.01,8,17615,卖盘
143,09:40:16,22.05,0.04,9,19837,买盘
144,09:40:19,22.05,0.0,7,15435,买盘
145,09:40:25,22.06,0.01,29,63917,买盘
146,09:40:28,22.05,-0.01,3,6615,卖盘
147,09:40:31,22.06,0.01,1,2206,卖盘
148,09:40:34,22.06,0.0,72,158953,卖盘
149,09:40:37,22.06,0.0,20,44150,卖盘
150,09:40:40,22.08,0.02,133,293686,买盘
151,09:40:43,22.08,0.0,76,167808,买盘
152,09:40:46,22.09,0.01,11,24289,买盘
153,09:40:49,22.08,-0.01,11,24288,中性盘
154,09:40:52,22.1,0.02,67,148018,买盘
155,09:40:55,22.1,0.0,21,46406,买盘
156,09:40:58,22.12,0.02,60,132658,买盘
157,09:41:01,22.1,-0.02,4,8840,卖盘
158,09:41:04,22.13,0.03,45,99544,买盘
159,09:41:07,22.13,0.0,16,35408,卖盘
160,09:41:10,22.13,0.0,22,48711,卖盘
161,09:41:12,22.15,0.02,29,64200,买盘
162,09:41:16,22.15,0.0,19,42085,卖盘
163,09:41:19,22.14,-0.01,28,62012,卖盘
164,09:41:22,22.14,0.0,53,117342,卖盘
165,09:41:25,22.18,0.04,62,137429,买盘
166,09:41:28,22.12,-0.06,13,28756,卖盘
167,09:41:30,22.14,0.02,16,35424,买盘
168,09:41:33,22.15,0.01,109,241322,买盘
169,09:41:37,22.11,-0.04,37,81860,卖盘
170,09:41:43,22.11,0.0,5,11055,买盘
171,09:41:49,22.18,0.07,215,476370,买盘
172,09:41:51,22.18,0.0,13,28834,卖盘
173,09:41:55,22.11,-0.07,30,66330,卖盘
174,09:41:58,22.11,0.0,17,37590,卖盘
175,09:42:04,22.14,0.03,10,22140,买盘
176,09:42:07,22.12,-0.02,1,2212,卖盘
177,09:42:13,22.14,0.02,11,24351,买盘
178,09:42:19,22.16,0.02,15,33227,买盘
179,09:42:22,22.12,-0.04,5,11060,卖盘
180,09:42:31,22.14,0.02,30,66420,买盘
181,09:42:34,22.15,0.01,26,57590,买盘
182,09:42:36,22.16,0.01,63,139608,买盘
183,09:42:43,22.22,0.06,177,392707,买盘
184,09:42:48,22.2,-0.02,74,164421,卖盘
185,09:42:55,22.2,0.0,2,4440,卖盘
186,09:42:58,22.28,0.08,193,429611,买盘
187,09:43:00,22.25,-0.03,5,11125,卖盘
188,09:43:04,22.27,0.02,5,11135,买盘
189,09:43:06,22.25,-0.02,102,227112,卖盘
190,09:43:10,22.27,0.02,5,11135,买盘
191,09:43:12,22.25,-0.02,21,46761,卖盘
192,09:43:16,22.26,0.01,81,180275,买盘
193,09:43:19,22.23,-0.03,48,106836,中性盘
194,09:43:22,22.27,0.04,135,300624,买盘
195,09:43:25,22.25,-0.02,7,15565,买盘
196,09:43:31,22.25,0.0,12,26703,买盘
197,09:43:34,22.23,-0.02,21,46687,卖盘
198,09:43:37,22.22,-0.01,26,57780,卖盘
199,09:43:40,22.23,0.01,44,97772,买盘
200,09:43:43,22.2,-0.03,14,31080,卖盘
201,09:43:49,22.22,0.02,86,190988,买盘
202,09:44:00,22.17,-0.05,6,13306,卖盘
203,09:44:04,22.15,-0.02,42,93092,卖盘
204,09:44:07,22.17,0.02,19,42109,中性盘
205,09:44:13,22.16,-0.01,10,22157,买盘
206,09:44:16,22.17,0.01,12,26604,卖盘
207,09:44:19,22.17,0.0,9,19953,卖盘
208,09:44:22,22.18,0.01,10,22180,买盘
209,09:44:24,22.18,0.0,7,15525,买盘
210,09:44:28,22.15,-0.03,56,124085,卖盘
211,09:44:31,22.18,0.03,12,26585,买盘
212,09:44:36,22.19,0.01,98,217423,买盘
213,09:44:40,22.15,-0.04,4,8866,卖盘
214,09:44:42,22.17,0.02,2,4434,买盘
215,09:44:49,22.15,-0.02,12,26596,卖盘
216,09:44:51,22.15,0.0,1,2215,卖盘
217,09:44:58,22.15,0.0,14,31010,卖盘
218,09:45:04,22.17,0.02,3,6651,卖盘
219,09:45:07,22.16,-0.01,56,123976,中性盘
220,09:45:10,22.11,-0.05,68,150380,卖盘
221,09:45:13,22.16,0.05,12,26589,买盘
222,09:45:15,22.11,-0.05,10,22110,卖盘
223,09:45:19,22.15,0.04,31,68624,买盘
224,09:45:22,22.11,-0.04,32,70752,卖盘
225,09:45:28,22.11,0.0,1,2211,卖盘
226,09:45:31,22.11,0.0,6,13269,卖盘
227,09:45:46,22.13,0.02,14,30954,买盘
228,09:45:49,22.14,0.01,44,97236,买盘
229,09:45:55,22.11,-0.03,7,15477,中性盘
230,09:45:58,22.07,-0.04,6,13242,卖盘
231,09:46:01,22.07,0.0,4,8831,卖盘
232,09:46:05,22.08,0.01,24,53058,卖盘
233,09:46:07,22.1,0.02,13,28733,中性盘
234,09:46:10,22.15,0.05,41,90728,买盘
235,09:46:13,22.11,-0.04,30,66394,卖盘
236,09:46:16,22.16,0.05,7,15508,买盘
237,09:46:19,22.13,-0.03,5,11065,买盘
238,09:46:25,22.16,0.03,14,31011,买盘
239,09:46:28,22.17,0.01,13,28821,买盘
240,09:46:34,22.17,0.0,30,66502,买盘
241,09:46:37,22.2,0.03,47,104262,买盘
242,09:46:39,22.2,0.0,14,31048,买盘
243,09:46:43,22.2,0.0,9,19980,买盘
244,09:46:49,22.21,0.01,4,8884,买盘
245,09:46:52,22.22,0.01,83,184400,买盘
246,09:46:58,22.21,-0.01,2,4442,卖盘
247,09:47:00,22.23,0.02,28,62227,买盘
248,09:47:04,22.23,0.0,146,324558,买盘
249,09:47:07,22.23,0.0,7,15566,卖盘
250,09:47:10,22.21,-0.02,30,66675,卖盘
251,09:47:13,22.25,0.04,17,37810,买盘
252,09:47:15,22.27,0.02,135,300385,买盘
253,09:47:22,22.26,-0.01,46,102332,卖盘
254,09:47:24,22.28,0.02,88,196026,买盘
255,09:47:27,22.24,-0.04,8,17792,买盘
256,09:47:31,22.24,0.0,18,40032,买盘
257,09:47:34,22.26,0.02,13,28934,买盘
258,09:47:37,22.26,0.0,10,22260,买盘
259,09:47:40,22.26,0.0,62,137929,买盘
260,09:47:43,22.26,0.0,2,4451,买盘
261,09:47:46,22.27,0.01,213,474206,买盘
262,09:47:49,22.27,0.0,64,142528,卖盘
263,09:47:52,22.27,0.0,12,26724,卖盘
264,09:47:55,22.28,0.01,60,133680,买盘
265,09:47:58,22.3,0.02,45,100307,买盘
266,09:48:01,22.27,-0.03,76,169277,卖盘
267,09:48:04,22.27,0.0,79,175933,买盘
268,09:48:07,22.3,0.03,124,276509,买盘
269,09:48:10,22.34,0.04,44,98232,买盘
270,09:48:13,22.34,0.0,8,17872,卖盘
271,09:48:16,22.34,0.0,21,46914,卖盘
272,09:48:19,22.32,-0.02,15,33508,卖盘
273,09:48:24,22.34,0.02,6,13404,买盘
274,09:48:28,22.34,0.0,13,29042,买盘
275,09:48:31,22.34,0.0,4,8936,买盘
276,09:48:34,22.34,0.0,77,172003,买盘
277,09:48:36,22.31,-0.03,87,194106,卖盘
278,09:48:40,22.32,0.01,51,113869,中性盘
279,09:48:46,22.31,-0.01,79,176259,卖盘
280,09:48:52,22.29,-0.02,47,104809,卖盘
281,09:48:55,22.3,0.01,11,24530,中性盘
282,09:48:58,22.29,-0.01,16,35664,卖盘
283,09:49:00,22.29,0.0,54,120374,卖盘
284,09:49:04,22.27,-0.02,17,37869,卖盘
285,09:49:06,22.3,0.03,30,66877,买盘
286,09:49:10,22.24,-0.06,2,4448,卖盘
287,09:49:13,22.28,0.04,35,78006,买盘
288,09:49:16,22.26,-0.02,6,13356,卖盘
289,09:49:19,22.26,0.0,1,2226,卖盘
290,09:49:27,22.26,0.0,5,11130,卖盘
291,09:49:30,22.26,0.0,3,6678,卖盘
292,09:49:33,22.26,0.0,8,17808,买盘
293,09:49:37,22.26,0.0,7,15582,买盘
294,09:49:40,22.26,0.0,1,2226,买盘
295,09:49:46,22.25,-0.01,5,11125,买盘
296,09:49:49,22.25,0.0,15,33375,买盘
297,09:49:54,22.25,0.0,27,60075,卖盘
298,09:49:58,22.25,0.0,1,2225,卖盘
299,09:50:01,22.26,0.01,10,22260,买盘
300,09:50:04,22.26,0.0,25,55650,买盘
301,09:50:07,22.25,-0.01,66,146864,卖盘
302,09:50:10,22.26,0.01,11,24485,买盘
303,09:50:13,22.26,0.0,9,20020,买盘
304,09:50:28,22.22,-0.04,7,15554,卖盘
305,09:50:31,22.28,0.06,28,62347,买盘
306,09:50:37,22.22,-0.06,6,13332,卖盘
307,09:50:46,22.22,0.0,78,173831,卖盘
308,09:50:54,22.29,0.07,25,55702,买盘
309,09:51:07,22.26,-0.03,22,48892,买盘
310,09:51:16,22.26,0.0,16,35616,买盘
311,09:51:19,22.26,0.0,7,15577,买盘
312,09:51:27,22.23,-0.03,17,37794,卖盘
313,09:51:37,22.23,0.0,2,4446,卖盘
314,09:51:42,22.25,0.02,7,15571,买盘
315,09:51:49,22.23,-0.02,3,6669,卖盘
316,09:51:52,22.23,0.0,7,15561,买盘
317,09:51:58,22.22,-0.01,9,19998,卖盘
318,09:52:04,22.23,0.01,20,44460,买盘
319,09:52:06,22.23,0.0,59,131099,买盘
320,09:52:10,22.23,0.0,10,22230,卖盘
321,09:52:13,22.23,0.0,1,2223,卖盘
322,09:52:19,22.25,0.02,7,15575,买盘
323,09:52:22,22.25,0.0,24,53400,买盘
324,09:52:24,22.26,0.01,14,31164,买盘
325,09:52:27,22.29,0.03,58,129172,买盘
326,09:52:33,22.26,-0.03,2,4452,卖盘
327,09:52:37,22.29,0.03,57,127053,买盘
328,09:52:40,22.29,0.0,38,84702,买盘
329,09:52:43,22.28,-0.01,102,227412,中性盘
330,09:52:45,22.31,0.03,184,410465,买盘
331,09:52:48,22.31,0.0,86,191906,卖盘
332,09:52:52,22.34,0.03,115,256568,买盘
333,09:52:57,22.3,-0.04,23,51359,中性盘
334,09:53:00,22.3,0.0,15,33450,买盘
335,09:53:04,22.34,0.04,51,113814,买盘
336,09:53:07,22.33,-0.01,6,13381,买盘
337,09:53:10,22.3,-0.03,1,2230,卖盘
338,09:53:13,22.3,0.0,2,4460,卖盘
339,09:53:19,22.3,0.0,19,42394,卖盘
340,09:53:22,22.33,0.03,35,78140,买盘
341,09:53:25,22.3,-0.03,39,86970,买盘
342,09:53:28,22.29,-0.01,17,37897,卖盘
343,09:53:31,22.28,-0.01,44,98052,卖盘
344,09:53:40,22.25,-0.03,31,68986,卖盘
345,09:53:52,22.23,-0.02,18,40022,卖盘
346,09:53:55,22.21,-0.02,89,197741,卖盘
347,09:53:58,22.21,0.0,23,51103,卖盘
348,09:54:01,22.22,0.01,2,4444,买盘
349,09:54:07,22.2,-0.02,28,62180,卖盘
350,09:54:10,22.21,0.01,1,2221,买盘
351,09:54:13,22.21,0.0,4,8884,买盘
352,09:54:16,22.2,-0.01,10,22206,卖盘
353,09:54:19,22.2,0.0,45,99896,卖盘
354,09:54:22,22.21,0.01,51,113188,买盘
355,09:54:25,22.21,0.0,35,77730,买盘
356,09:54:28,22.19,-0.02,91,202109,卖盘
357,09:54:31,22.19,0.0,5,11095,卖盘
358,09:54:34,22.2,0.01,39,86554,买盘
359,09:54:40,22.2,0.0,2,4440,卖盘
360,09:54:43,22.2,0.0,10,22200,卖盘
361,09:54:49,22.2,0.0,4,8880,卖盘
362,09:54:52,22.2,0.0,100,222000,卖盘
363,09:54:58,22.2,0.0,1,2220,卖盘
364,09:55:01,22.2,0.0,121,268620,卖盘
365,09:55:04,22.2,0.0,1,2220,卖盘
366,09:55:07,22.21,0.01,7,15547,买盘
367,09:55:10,22.2,-0.01,6,13320,卖盘
368,09:55:13,22.13,-0.07,35,77604,卖盘
369,09:55:16,22.21,0.08,7,15544,买盘
370,09:55:25,22.2,-0.01,7,15540,买盘
371,09:55:28,22.2,0.0,7,15540,买盘
372,09:55:34,22.2,0.0,2,4440,买盘
373,09:55:37,22.2,0.0,11,24420,买盘
374,09:55:40,22.15,-0.05,2,4430,卖盘
375,09:55:46,22.2,0.05,1,2220,买盘
376,09:55:49,22.19,-0.01,1,2219,买盘
377,09:55:55,22.2,0.01,39,86580,买盘
378,09:55:58,22.2,0.0,206,457320,买盘
379,09:56:01,22.21,0.01,128,285120,买盘
380,09:56:06,22.23,0.02,10,22225,买盘
381,09:56:10,22.22,-0.01,16,35552,卖盘
382,09:56:13,22.23,0.01,64,142272,买盘
383,09:56:16,22.22,-0.01,12,26674,卖盘
384,09:56:19,22.25,0.03,14,31137,买盘
385,09:56:24,22.25,0.0,8,17791,买盘
386,09:56:28,22.25,0.0,27,60075,卖盘
387,09:56:31,22.25,0.0,35,77882,卖盘
388,09:56:34,22.26,0.01,24,53424,买盘
389,09:56:37,22.26,0.0,58,129108,买盘
390,09:56:40,22.26,0.0,22,48961,买盘
391,09:56:42,22.26,0.0,5,11130,买盘
392,09:56:46,22.3,0.04,76,169250,买盘
393,09:56:49,22.29,-0.01,59,131520,中性盘
394,09:56:57,22.3,0.01,15,33440,买盘
395,09:57:01,22.3,0.0,7,15606,买盘
396,09:57:07,22.28,-0.02,1,2228,卖盘
397,09:57:10,22.28,0.0,13,28964,卖盘
398,09:57:15,22.26,-0.02,15,33390,卖盘
399,09:57:19,22.26,0.0,18,40063,买盘
400,09:57:22,22.24,-0.02,10,22240,卖盘
401,09:57:25,22.25,0.01,6,13350,买盘
402,09:57:27,22.22,-0.03,50,111100,卖盘
403,09:57:31,22.24,0.02,32,71168,买盘
404,09:57:34,22.25,0.01,16,35589,买盘
405,09:57:37,22.26,0.01,2,4452,买盘
406,09:57:40,22.22,-0.04,20,44443,卖盘
407,09:57:43,22.24,0.02,3,6672,中性盘
408,09:57:46,22.25,0.01,14,31143,买盘
409,09:57:52,22.24,-0.01,20,44480,卖盘
410,09:57:58,22.24,0.0,30,66720,卖盘
411,09:58:01,22.24,0.0,13,28912,买盘
412,09:58:04,22.22,-0.02,5,11114,卖盘
413,09:58:07,22.24,0.02,25,55574,买盘
414,09:58:10,22.24,0.0,50,111192,买盘
415,09:58:13,22.2,-0.04,3,6660,卖盘
416,09:58:22,22.22,0.02,7,15554,买盘
417,09:58:24,22.22,0.0,6,13327,买盘
418,09:58:28,22.22,0.0,72,159903,买盘
419,09:58:34,22.2,-0.02,12,26640,买盘
420,09:58:37,22.2,0.0,22,48840,买盘
421,09:58:40,22.26,0.06,121,269030,买盘
422,09:58:43,22.23,-0.03,8,17784,中性盘
423,09:58:49,22.29,0.06,139,309575,买盘
424,09:58:58,22.28,-0.01,35,78011,中性盘
425,09:59:01,22.27,-0.01,148,330029,卖盘
426,09:59:04,22.31,0.04,108,240845,买盘
427,09:59:06,22.31,0.0,10,22310,卖盘
428,09:59:09,22.31,0.0,4,8924,卖盘
429,09:59:13,22.32,0.01,10,22320,买盘
430,09:59:16,22.32,0.0,47,104904,买盘
431,09:59:19,22.31,-0.01,47,104893,卖盘
432,09:59:22,22.31,0.0,21,46864,买盘
433,09:59:25,22.31,0.0,12,26762,买盘
434,09:59:31,22.29,-0.02,1,2229,卖盘
435,09:59:34,22.3,0.01,58,129330,买盘
436,09:59:37,22.3,0.0,7,15610,买盘
437,09:59:40,22.29,-0.01,37,82460,卖盘
438,09:59:42,22.27,-0.02,7,15589,卖盘
439,09:59:46,22.29,0.02,74,164906,买盘
440,09:59:49,22.29,0.0,68,151589,买盘
441,10:00:01,22.27,-0.02,4,8908,买盘
442,10:00:04,22.31,0.04,150,334370,买盘
443,10:00:12,22.27,-0.04,2,4454,买盘
444,10:00:16,22.3,0.03,51,113570,买盘
445,10:00:19,22.3,0.0,63,140490,卖盘
446,10:00:24,22.3,0.0,135,301238,卖盘
447,10:00:28,22.32,0.02,30,66960,买盘
448,10:00:31,22.32,0.0,20,44640,买盘
449,10:00:37,22.32,0.0,52,116062,买盘
450,10:00:39,22.32,0.0,20,44640,买盘
451,10:00:43,22.32,0.0,60,133472,买盘
452,10:00:48,22.32,0.0,68,151829,卖盘
453,10:00:52,22.32,0.0,22,49550,卖盘
454,10:00:55,22.34,0.02,233,520292,买盘
455,10:00:58,22.32,-0.02,9,20088,买盘
456,10:01:04,22.36,0.04,337,753143,买盘
457,10:01:07,22.38,0.02,304,678990,买盘
458,10:01:10,22.38,0.0,153,342409,买盘
459,10:01:12,22.4,0.02,141,315768,买盘
460,10:01:16,22.42,0.02,68,152392,买盘
461,10:01:19,22.43,0.01,2,4486,买盘
462,10:01:22,22.43,0.0,51,114389,买盘
463,10:01:25,22.42,-0.01,75,168256,卖盘
464,10:01:27,22.4,-0.02,89,199500,卖盘
465,10:01:31,22.43,0.03,93,208650,卖盘
466,10:01:34,22.4,-0.03,136,304701,卖盘
467,10:01:37,22.43,0.03,275,616078,买盘
468,10:01:39,22.43,0.0,21,47089,买盘
469,10:01:42,22.44,0.01,484,1085400,买盘
470,10:01:45,22.43,-0.01,35,78438,中性盘
471,10:01:48,22.44,0.01,98,219864,买盘
472,10:01:52,22.42,-0.02,57,127794,中性盘
473,10:01:55,22.42,0.0,14,31388,买盘
474,10:01:58,22.4,-0.02,2,4480,卖盘
475,10:02:01,22.42,0.02,33,73966,买盘
476,10:02:04,22.42,0.0,99,221787,买盘
477,10:02:07,22.4,-0.02,21,47055,卖盘
478,10:02:09,22.41,0.01,50,112010,买盘
479,10:02:13,22.4,-0.01,76,170240,卖盘
480,10:02:16,22.4,0.0,15,33600,买盘
481,10:02:19,22.4,0.0,9,20160,买盘
482,10:02:22,22.36,-0.04,22,49260,卖盘
483,10:02:30,22.37,0.01,112,250847,卖盘
484,10:02:33,22.37,0.0,3,6711,卖盘
485,10:02:37,22.36,-0.01,37,82789,卖盘
486,10:02:43,22.36,0.0,2,4472,买盘
487,10:02:46,22.35,-0.01,10,22350,卖盘
488,10:02:49,22.36,0.01,9,20123,中性盘
489,10:02:52,22.36,0.0,1,2236,买盘
490,10:02:54,22.36,0.0,1,2236,卖盘
491,10:03:01,22.37,0.01,3,6711,卖盘
492,10:03:07,22.36,-0.01,28,62606,卖盘
493,10:03:12,22.36,0.0,13,29068,买盘
494,10:03:16,22.38,0.02,20,44734,买盘
495,10:03:19,22.35,-0.03,14,31319,卖盘
496,10:03:31,22.39,0.04,148,331167,买盘
497,10:03:33,22.35,-0.04,5,11175,卖盘
498,10:03:49,22.37,0.02,29,64853,买盘
499,10:03:52,22.37,0.0,5,11185,买盘
500,10:03:58,22.34,-0.03,29,64831,卖盘
501,10:04:01,22.35,0.01,5,11175,中性盘
502,10:04:07,22.35,0.0,42,93894,卖盘
503,10:04:12,22.37,0.02,8,17892,买盘
504,10:04:19,22.37,0.0,33,73821,买盘
505,10:04:22,22.37,0.0,7,15659,买盘
506,10:04:25,22.37,0.0,11,24603,买盘
507,10:04:31,22.37,0.0,40,89480,买盘
508,10:04:34,22.37,0.0,27,60394,买盘
509,10:04:36,22.36,-0.01,2,4472,卖盘
510,10:04:43,22.36,0.0,5,11180,卖盘
511,10:04:51,22.38,0.02,30,67131,买盘
512,10:04:54,22.36,-0.02,5,11182,卖盘
513,10:05:01,22.36,0.0,6,13416,卖盘
514,10:05:04,22.38,0.02,51,114048,买盘
515,10:05:07,22.38,0.0,6,13428,卖盘
516,10:05:10,22.35,-0.03,25,55897,卖盘
517,10:05:12,22.35,0.0,122,272690,卖盘
518,10:05:19,22.37,0.02,1,2237,卖盘
519,10:05:22,22.38,0.01,7,15666,买盘
520,10:05:28,22.35,-0.03,20,44718,卖盘
521,10:05:31,22.35,0.0,8,17901,卖盘
522,10:05:37,22.38,0.03,21,46997,买盘
523,10:05:40,22.36,-0.02,4,8944,卖盘
524,10:05:42,22.33,-0.03,132,294943,卖盘
525,10:05:46,22.35,0.02,3,6705,卖盘
526,10:05:52,22.38,0.03,16,35781,买盘
527,10:05:55,22.35,-0.03,165,368461,中性盘
528,10:05:58,22.35,0.0,1,2235,买盘
529,10:06:07,22.33,-0.02,1,2233,卖盘
530,10:06:10,22.35,0.02,1,2235,买盘
531,10:06:12,22.35,0.0,10,22350,买盘
532,10:06:19,22.33,-0.02,3,6699,卖盘
533,10:06:22,22.33,0.0,1,2233,卖盘
534,10:06:25,22.33,0.0,2,4466,买盘
535,10:06:37,22.3,-0.03,4,8920,卖盘
536,10:06:40,22.3,0.0,30,66900,卖盘
537,10:06:43,22.33,0.03,153,341649,买盘
538,10:06:46,22.33,0.0,1,2233,卖盘
539,10:06:48,22.31,-0.02,55,122713,卖盘
540,10:06:52,22.31,0.0,1,2231,卖盘
541,10:07:00,22.31,0.0,12,26772,卖盘
542,10:07:04,22.31,0.0,15,33465,卖盘
543,10:07:06,22.31,0.0,16,35702,卖盘
544,10:07:10,22.31,0.0,23,51327,卖盘
545,10:07:22,22.33,0.02,7,15631,卖盘
546,10:07:33,22.31,-0.02,10,22310,卖盘
547,10:07:40,22.31,0.0,30,66930,卖盘
548,10:07:43,22.33,0.02,2,4466,买盘
549,10:07:58,22.31,-0.02,8,17848,卖盘
550,10:08:04,22.33,0.02,8,17864,买盘
551,10:08:09,22.33,0.0,2,4466,买盘
552,10:08:16,22.33,0.0,10,22330,买盘
553,10:08:28,22.32,-0.01,8,17856,买盘
554,10:08:31,22.31,-0.01,25,55775,卖盘
555,10:08:34,22.31,0.0,2,4462,卖盘
556,10:08:37,22.31,0.0,12,26782,卖盘
557,10:08:40,22.32,0.01,10,22320,买盘
558,10:08:46,22.32,0.0,4,8928,买盘
559,10:08:49,22.32,0.0,10,22320,卖盘
560,10:08:58,22.32,0.0,1,2232,中性盘
561,10:09:00,22.32,0.0,24,53545,买盘
562,10:09:06,22.31,-0.01,5,11155,卖盘
563,10:09:13,22.32,0.01,3,6696,买盘
564,10:09:16,22.31,-0.01,13,29007,卖盘
565,10:09:19,22.31,0.0,9,20079,卖盘
566,10:09:22,22.31,0.0,2,4462,卖盘
567,10:09:27,22.31,0.0,33,73623,卖盘
568,10:09:37,22.3,-0.01,23,51290,卖盘
569,10:09:40,22.28,-0.02,7,15602,卖盘
570,10:09:45,22.27,-0.01,14,31182,卖盘
571,10:10:01,22.26,-0.01,10,22260,卖盘
572,10:10:07,22.25,-0.01,34,75650,卖盘
573,10:10:10,22.25,0.0,38,84550,卖盘
574,10:10:13,22.25,0.0,4,8900,买盘
575,10:10:18,22.25,0.0,7,15575,买盘
576,10:10:21,22.22,-0.03,110,244430,卖盘
577,10:10:25,22.22,0.0,32,71104,卖盘
578,10:10:28,22.23,0.01,7,15561,买盘
579,10:10:31,22.23,0.0,8,17784,买盘
580,10:10:34,22.22,-0.01,15,33330,卖盘
581,10:10:37,22.22,0.0,50,111100,卖盘
582,10:10:43,22.22,0.0,2,4444,卖盘
583,10:10:49,22.25,0.03,15,33375,买盘
584,10:10:55,22.25,0.0,57,126825,买盘
585,10:10:58,22.25,0.0,5,11125,卖盘
586,10:11:04,22.25,0.0,4,9790,卖盘
587,10:11:16,22.25,0.0,23,51199,卖盘
588,10:11:19,22.25,0.0,10,22250,卖盘
589,10:11:30,22.32,0.07,35,78066,买盘
590,10:11:33,22.33,0.01,21,46883,买盘
591,10:11:37,22.33,0.0,14,31262,买盘
592,10:11:40,22.32,-0.01,20,44640,中性盘
593,10:11:43,22.32,0.0,7,15624,买盘
594,10:11:45,22.33,0.01,4,8932,买盘
595,10:12:04,22.27,-0.06,3,6681,卖盘
596,10:12:10,22.33,0.06,37,82588,买盘
597,10:12:19,22.33,0.0,46,102718,买盘
598,10:12:21,22.33,0.0,8,17864,卖盘
599,10:12:24,22.33,0.0,25,55825,卖盘
600,10:12:28,22.33,0.0,2,4466,卖盘
601,10:12:31,22.35,0.02,165,368675,买盘
602,10:12:33,22.33,-0.02,3,6699,卖盘
603,10:12:36,22.33,0.0,23,51359,卖盘
604,10:12:42,22.33,0.0,7,15631,买盘
605,10:12:46,22.33,0.0,7,15637,中性盘
606,10:12:48,22.33,0.0,4,8932,卖盘
607,10:12:55,22.34,0.01,10,22340,买盘
608,10:13:01,22.34,0.0,15,33500,买盘
609,10:13:04,22.34,0.0,5,11170,买盘
610,10:13:16,22.34,0.0,9,20106,卖盘
611,10:13:28,22.35,0.01,36,80436,买盘
612,10:13:33,22.33,-0.02,7,15631,卖盘
613,10:13:40,22.32,-0.01,15,33493,卖盘
614,10:13:43,22.34,0.02,3,6702,卖盘
615,10:13:45,22.35,0.01,7,15645,买盘
616,10:13:48,22.34,-0.01,1,2234,卖盘
617,10:14:04,22.33,-0.01,13,29035,卖盘
618,10:14:10,22.35,0.02,3,6705,买盘
619,10:14:15,22.35,0.0,6,13410,买盘
620,10:14:19,22.33,-0.02,2,4466,中性盘
621,10:14:25,22.35,0.02,6,13410,买盘
622,10:14:28,22.34,-0.01,10,22340,卖盘
623,10:14:30,22.34,0.0,5,11170,卖盘
624,10:14:34,22.35,0.01,4,8940,买盘
625,10:14:37,22.34,-0.01,42,93828,卖盘
626,10:14:46,22.34,0.0,22,49148,卖盘
627,10:14:48,22.34,0.0,19,42446,卖盘
628,10:14:52,22.34,0.0,42,93828,买盘
629,10:14:58,22.34,0.0,28,62552,卖盘
630,10:15:07,22.32,-0.02,77,171864,卖盘
631,10:15:13,22.34,0.02,7,15628,买盘
632,10:15:28,22.32,-0.02,25,55800,卖盘
633,10:15:34,22.34,0.02,7,15638,买盘
634,10:15:36,22.32,-0.02,37,82584,卖盘
635,10:15:46,22.34,0.02,5,11170,买盘
636,10:15:49,22.32,-0.02,16,35712,卖盘
637,10:15:54,22.32,0.0,4,8928,卖盘
638,10:15:57,22.32,0.0,17,37944,卖盘
639,10:16:09,22.32,0.0,7,15624,买盘
640,10:16:12,22.32,0.0,1,2232,买盘
641,10:16:18,22.3,-0.02,1,2230,卖盘
642,10:16:24,22.32,0.02,12,26784,买盘
643,10:16:34,22.28,-0.04,188,418891,卖盘
644,10:16:37,22.28,0.0,27,60156,买盘
645,10:16:40,22.28,0.0,35,77980,买盘
646,10:16:46,22.33,0.05,7,15626,买盘
647,10:17:04,22.3,-0.03,4,8920,买盘
648,10:17:22,22.29,-0.01,10,22290,买盘
649,10:17:43,22.32,0.03,2,4464,买盘
650,10:17:45,22.29,-0.03,3,6687,卖盘
651,10:18:01,22.3,0.01,1,2230,买盘
652,10:18:13,22.29,-0.01,2,4458,卖盘
653,10:18:31,22.29,0.0,5,11145,买盘
654,10:18:34,22.29,0.0,6,13374,买盘
655,10:18:45,22.3,0.01,6,13378,买盘
656,10:18:52,22.28,-0.02,10,22280,卖盘
657,10:18:58,22.3,0.02,45,100350,买盘
658,10:19:04,22.3,0.0,10,22300,卖盘
659,10:19:12,22.32,0.02,5,11160,买盘
660,10:19:24,22.33,0.01,7,15625,买盘
661,10:19:28,22.32,-0.01,7,15624,中性盘
662,10:19:31,22.32,0.0,23,51336,买盘
663,10:19:43,22.33,0.01,16,35728,买盘
664,10:19:45,22.33,0.0,5,11165,买盘
665,10:19:58,22.32,-0.01,1,2232,卖盘
666,10:20:06,22.33,0.01,56,125048,买盘
667,10:20:09,22.32,-0.01,22,49104,卖盘
668,10:20:13,22.33,0.01,16,35728,买盘
669,10:20:19,22.34,0.01,18,40196,买盘
670,10:20:21,22.34,0.0,10,22334,买盘
671,10:20:31,22.35,0.01,162,361964,买盘
672,10:20:37,22.35,0.0,7,15645,买盘
673,10:20:40,22.35,0.0,7,15645,买盘
674,10:20:42,22.36,0.01,200,446990,买盘
675,10:20:45,22.36,0.0,7,15652,买盘
676,10:20:49,22.36,0.0,14,31304,买盘
677,10:20:52,22.36,0.0,62,138632,买盘
678,10:20:55,22.38,0.02,28,62637,买盘
679,10:20:58,22.39,0.01,77,172347,买盘
680,10:21:00,22.39,0.0,31,69409,买盘
681,10:21:06,22.39,0.0,29,64931,买盘
682,10:21:10,22.4,0.01,24,53756,买盘
683,10:21:13,22.39,-0.01,40,89555,买盘
684,10:21:16,22.38,-0.01,40,89535,卖盘
685,10:21:19,22.38,0.0,46,102993,卖盘
686,10:21:22,22.38,0.0,13,29094,买盘
687,10:21:31,22.39,0.01,12,26861,买盘
688,10:21:34,22.39,0.0,34,76126,卖盘
689,10:21:40,22.39,0.0,14,31341,买盘
690,10:21:46,22.39,0.0,58,129849,买盘
691,10:21:51,22.4,0.01,7,15680,买盘
692,10:21:55,22.4,0.0,2,4479,买盘
693,10:21:58,22.4,0.0,80,179200,买盘
694,10:22:01,22.39,-0.01,3,6717,卖盘
695,10:22:04,22.39,0.0,35,78365,买盘
696,10:22:09,22.4,0.01,12,26872,买盘
697,10:22:19,22.4,0.0,2,4480,买盘
698,10:22:22,22.39,-0.01,32,71651,卖盘
699,10:22:25,22.4,0.01,15,33583,买盘
700,10:22:27,22.4,0.0,11,24640,买盘
701,10:22:37,22.39,-0.01,2,4478,买盘
702,10:22:40,22.39,0.0,24,53729,中性盘
703,10:22:43,22.39,0.0,3,6717,买盘
704,10:22:52,22.39,0.0,54,120803,买盘
705,10:23:00,22.37,-0.02,11,24607,中性盘
706,10:23:04,22.36,-0.01,9,20126,卖盘
707,10:23:10,22.37,0.01,5,11185,买盘
708,10:23:16,22.36,-0.01,12,26837,卖盘
709,10:23:19,22.36,0.0,109,243724,卖盘
710,10:23:22,22.35,-0.01,19,42465,卖盘
711,10:23:25,22.36,0.01,33,73758,买盘
712,10:23:30,22.34,-0.02,133,297416,卖盘
713,10:23:33,22.35,0.01,5,11174,买盘
714,10:23:49,22.37,0.02,2,4474,买盘
715,10:23:57,22.38,0.01,20,44747,买盘
716,10:24:13,22.38,0.0,5,11190,买盘
717,10:24:16,22.38,0.0,21,46998,买盘
718,10:24:19,22.38,0.0,8,17904,买盘
719,10:24:21,22.38,0.0,12,26856,买盘
720,10:24:39,22.35,-0.03,1,2235,卖盘
721,10:24:49,22.37,0.02,7,15659,买盘
722,10:24:57,22.37,0.0,5,11185,买盘
723,10:25:13,22.37,0.0,2,4474,买盘
724,10:25:25,22.36,-0.01,4,8944,卖盘
725,10:25:28,22.36,0.0,14,31304,买盘
726,10:25:30,22.35,-0.01,55,122925,卖盘
727,10:25:46,22.36,0.01,7,15652,买盘
728,10:25:48,22.36,0.0,7,15652,买盘
729,10:25:52,22.36,0.0,8,17888,买盘
730,10:25:57,22.35,-0.01,7,15645,中性盘
731,10:26:01,22.36,0.01,5,11177,买盘
732,10:26:04,22.36,0.0,2,4472,买盘
733,10:26:09,22.33,-0.03,49,109427,卖盘
734,10:26:16,22.33,0.0,67,149611,买盘
735,10:26:22,22.33,0.0,18,40194,买盘
736,10:26:28,22.36,0.03,15,33519,买盘
737,10:26:39,22.36,0.0,5,11180,买盘
738,10:26:43,22.36,0.0,1,2236,买盘
739,10:26:46,22.33,-0.03,3,6699,卖盘
740,10:26:49,22.36,0.03,20,44682,买盘
741,10:26:52,22.36,0.0,5,11180,买盘
742,10:27:06,22.35,-0.01,3,6705,买盘
743,10:27:09,22.35,0.0,3,6705,买盘
744,10:27:27,22.35,0.0,22,49170,卖盘
745,10:27:30,22.36,0.01,2,4472,买盘
746,10:27:43,22.36,0.0,1,2236,买盘
747,10:27:49,22.35,-0.01,12,26820,卖盘
748,10:27:58,22.35,0.0,2,4470,买盘
749,10:28:13,22.36,0.01,20,44714,买盘
750,10:28:25,22.33,-0.03,6,13398,卖盘
751,10:28:34,22.33,0.0,20,44666,卖盘
752,10:28:40,22.35,0.02,7,15645,买盘
753,10:28:45,22.33,-0.02,40,89334,卖盘
754,10:28:48,22.35,0.02,7,15645,买盘
755,10:28:52,22.33,-0.02,26,58122,卖盘
756,10:28:54,22.36,0.03,7,15652,买盘
757,10:28:57,22.36,0.0,7,15652,买盘
758,10:29:16,22.36,0.0,2,4472,买盘
759,10:29:33,22.36,0.0,1,2236,买盘
760,10:29:40,22.34,-0.02,7,15650,卖盘
761,10:29:52,22.35,0.01,4,8940,卖盘
762,10:30:03,22.35,0.0,7,15645,卖盘
763,10:30:06,22.35,0.0,44,98340,卖盘
764,10:30:13,22.34,-0.01,22,49148,卖盘
765,10:30:18,22.34,0.0,28,62552,卖盘
766,10:30:25,22.34,0.0,98,218932,卖盘
767,10:30:28,22.27,-0.07,100,223040,卖盘
768,10:30:39,22.24,-0.03,7,15572,卖盘
769,10:30:42,22.3,0.06,1,2230,中性盘
770,10:30:48,22.24,-0.06,5,11120,卖盘
771,10:31:01,22.25,0.01,4,8900,卖盘
772,10:31:10,22.26,0.01,6,13361,中性盘
773,10:31:13,22.26,0.0,1,2226,卖盘
774,10:31:16,22.26,0.0,9,20034,卖盘
775,10:31:22,22.27,0.01,11,24485,买盘
776,10:31:30,22.26,-0.01,30,66780,买盘
777,10:31:34,22.26,0.0,5,11130,买盘
778,10:31:43,22.26,0.0,7,15582,买盘
779,10:31:51,22.26,0.0,8,17808,买盘
780,10:31:57,22.26,0.0,10,22260,卖盘
781,10:32:12,22.26,0.0,5,11130,买盘
782,10:32:16,22.25,-0.01,30,66750,卖盘
783,10:32:52,22.29,0.04,12,26748,买盘
784,10:32:57,22.29,0.0,5,11145,卖盘
785,10:33:43,22.29,0.0,13,28977,卖盘
786,10:33:58,22.29,0.0,9,20061,买盘
787,10:34:01,22.27,-0.02,17,37859,卖盘
788,10:34:19,22.29,0.02,8,17832,买盘
789,10:34:33,22.29,0.0,4,8916,卖盘
790,10:34:36,22.3,0.01,30,66900,买盘
791,10:34:39,22.33,0.03,7,15631,买盘
792,10:34:46,22.33,0.0,8,17864,买盘
793,10:34:49,22.34,0.01,14,31275,买盘
794,10:34:52,22.34,0.0,7,15638,买盘
795,10:35:10,22.3,-0.04,11,24530,卖盘
796,10:35:13,22.3,0.0,12,26760,买盘
797,10:35:15,22.34,0.04,17,37938,买盘
798,10:35:28,22.3,-0.04,9,20070,卖盘
799,10:35:31,22.29,-0.01,7,15605,卖盘
800,10:35:46,22.34,0.05,11,24574,买盘
801,10:35:52,22.3,-0.04,1,2230,卖盘
802,10:35:55,22.34,0.04,18,40212,买盘
803,10:36:04,22.35,0.01,41,91635,买盘
804,10:36:10,22.34,-0.01,10,22340,卖盘
805,10:36:28,22.34,0.0,18,40212,买盘
806,10:36:43,22.35,0.01,11,24585,买盘
807,10:36:45,22.35,0.0,10,22346,买盘
808,10:36:49,22.35,0.0,66,147510,买盘
809,10:36:55,22.35,0.0,25,55895,卖盘
810,10:36:58,22.35,0.0,60,134100,卖盘
811,10:37:10,22.37,0.02,9,19238,卖盘
812,10:37:19,22.36,-0.01,8,17888,卖盘
813,10:37:24,22.35,-0.01,20,44701,卖盘
814,10:37:37,22.37,0.02,6,13422,买盘
815,10:37:40,22.35,-0.02,4,10729,卖盘
816,10:37:45,22.37,0.02,11,24607,买盘
817,10:38:00,22.37,0.0,30,67110,买盘
818,10:38:04,22.36,-0.01,4,8944,买盘
819,10:38:07,22.38,0.02,100,223744,买盘
820,10:38:22,22.36,-0.02,3,6708,买盘
821,10:38:30,22.35,-0.01,1,2235,卖盘
822,10:38:33,22.36,0.01,2,4472,买盘
823,10:38:37,22.35,-0.01,7,15645,卖盘
824,10:38:48,22.38,0.03,11,24618,买盘
825,10:39:42,22.36,-0.02,12,26832,卖盘
826,10:39:52,22.36,0.0,8,17888,卖盘
827,10:39:55,22.36,0.0,1,2236,买盘
828,10:39:58,22.36,0.0,26,58136,买盘
829,10:40:01,22.37,0.01,10,22365,买盘
830,10:40:04,22.35,-0.02,6,13410,卖盘
831,10:40:06,22.35,0.0,2,4470,卖盘
832,10:40:09,22.35,0.0,23,51405,卖盘
833,10:40:19,22.35,0.0,10,22350,卖盘
834,10:40:40,22.35,0.0,10,22350,卖盘
835,10:40:45,22.37,0.02,11,24602,买盘
836,10:41:13,22.37,0.0,10,22370,买盘
837,10:41:18,22.37,0.0,5,11184,买盘
838,10:41:34,22.35,-0.02,19,42465,卖盘
839,10:41:37,22.35,0.0,199,443871,卖盘
840,10:41:42,22.37,0.02,15,33518,卖盘
841,10:41:49,22.35,-0.02,1,2235,买盘
842,10:41:55,22.35,0.0,10,22350,买盘
843,10:41:58,22.35,0.0,2,4470,买盘
844,10:42:10,22.34,-0.01,8,17872,买盘
845,10:42:22,22.34,0.0,1,2234,卖盘
846,10:42:30,22.34,0.0,8,17872,卖盘
847,10:42:43,22.34,0.0,11,24574,买盘
848,10:42:55,22.33,-0.01,8,17864,卖盘
849,10:43:12,22.32,-0.01,5,11160,卖盘
850,10:43:15,22.34,0.02,58,129562,买盘
851,10:43:46,22.35,0.01,24,53640,买盘
852,10:43:52,22.35,0.0,12,26818,买盘
853,10:43:57,22.35,0.0,11,24585,买盘
854,10:44:18,22.35,0.0,42,93870,买盘
855,10:44:25,22.34,-0.01,7,15644,卖盘
856,10:44:34,22.34,0.0,21,46914,卖盘
857,10:44:37,22.34,0.0,9,20106,买盘
858,10:44:52,22.35,0.01,5,11175,卖盘
859,10:45:04,22.35,0.0,47,105045,卖盘
860,10:45:06,22.35,0.0,4,8940,买盘
861,10:45:10,22.37,0.02,30,67067,买盘
862,10:45:31,22.37,0.0,2,4474,买盘
863,10:45:37,22.35,-0.02,20,44700,卖盘
864,10:45:46,22.35,0.0,2,4470,买盘
865,10:45:49,22.35,0.0,1,2235,买盘
866,10:45:52,22.35,0.0,7,15645,卖盘
867,10:45:57,22.35,0.0,17,37995,卖盘
868,10:46:00,22.35,0.0,1,2235,卖盘
869,10:46:04,22.36,0.01,12,26831,中性盘
870,10:46:06,22.35,-0.01,12,26820,卖盘
871,10:46:09,22.35,0.0,1,2235,卖盘
872,10:46:24,22.3,-0.05,98,218791,卖盘
873,10:46:28,22.38,0.08,538,1204611,买盘
874,10:46:31,22.38,0.0,1,1343,买盘
875,10:46:37,22.39,0.01,50,111950,买盘
876,10:46:52,22.35,-0.04,2,4470,买盘
877,10:47:01,22.35,0.0,1,2235,买盘
878,10:47:04,22.35,0.0,3,6705,买盘
879,10:47:22,22.39,0.04,296,662628,买盘
880,10:47:28,22.39,0.0,20,44780,卖盘
881,10:47:33,22.39,0.0,3,6717,卖盘
882,10:47:37,22.4,0.01,1,2240,买盘
883,10:47:46,22.4,0.0,6,13440,买盘
884,10:47:49,22.39,-0.01,120,268731,卖盘
885,10:47:57,22.39,0.0,11,24629,买盘
886,10:48:07,22.39,0.0,15,33585,买盘
887,10:48:10,22.39,0.0,51,114189,买盘
888,10:48:25,22.39,0.0,5,11195,卖盘
889,10:48:31,22.4,0.01,27,60480,买盘
890,10:48:37,22.39,-0.01,2,4478,卖盘
891,10:48:40,22.4,0.01,2,4480,买盘
892,10:48:43,22.39,-0.01,10,22390,卖盘
893,10:48:45,22.39,0.0,79,176920,卖盘
894,10:48:49,22.39,0.0,16,35834,卖盘
895,10:48:52,22.39,0.0,5,11195,卖盘
896,10:48:55,22.39,0.0,1,2239,卖盘
897,10:48:58,22.39,0.0,7,15678,卖盘
898,10:49:04,22.39,0.0,17,38063,卖盘
899,10:49:09,22.39,0.0,16,35824,买盘
900,10:49:13,22.38,-0.01,13,29094,卖盘
901,10:49:22,22.38,0.0,7,15666,买盘
902,10:49:25,22.38,0.0,2,4476,买盘
903,10:49:40,22.38,0.0,2,4476,买盘
904,10:49:45,22.38,0.0,10,22372,买盘
905,10:50:04,22.36,-0.02,10,22360,卖盘
906,10:50:06,22.36,0.0,5,11180,买盘
907,10:50:13,22.37,0.01,6,13417,买盘
908,10:50:37,22.35,-0.02,1,2235,卖盘
909,10:51:13,22.35,0.0,54,120733,卖盘
910,10:51:16,22.35,0.0,2,4470,买盘
911,10:52:07,22.34,-0.01,11,24574,卖盘
912,10:52:10,22.35,0.01,11,24585,买盘
913,10:52:19,22.35,0.0,44,98340,买盘
914,10:52:37,22.35,0.0,27,60345,卖盘
915,10:52:45,22.38,0.03,7,15666,买盘
916,10:53:13,22.38,0.0,3,6714,买盘
917,10:53:15,22.37,-0.01,10,22370,中性盘
918,10:53:19,22.39,0.02,11,24625,买盘
919,10:53:34,22.35,-0.04,8,17885,卖盘
920,10:53:43,22.39,0.04,14,31346,买盘
921,10:53:49,22.39,0.0,1,2239,买盘
922,10:54:13,22.38,-0.01,11,24618,买盘
923,10:54:16,22.38,0.0,1,2238,买盘
924,10:54:19,22.36,-0.02,1,2236,卖盘
925,10:54:22,22.38,0.02,7,15666,买盘
926,10:54:27,22.38,0.0,41,91758,买盘
927,10:54:31,22.39,0.01,85,190255,买盘
928,10:54:34,22.39,0.0,68,152252,买盘
929,10:54:37,22.41,0.02,433,969821,买盘
930,10:54:39,22.41,0.0,87,194967,买盘
931,10:54:42,22.4,-0.01,59,132206,卖盘
932,10:54:46,22.42,0.02,120,269040,买盘
933,10:54:49,22.43,0.01,9,20187,买盘
934,10:54:52,22.43,0.0,25,56075,买盘
935,10:54:55,22.43,0.0,15,33645,买盘
936,10:54:58,22.43,0.0,137,307291,买盘
937,10:55:00,22.44,0.01,114,255816,买盘
938,10:55:04,22.43,-0.01,1,2243,卖盘
939,10:55:06,22.45,0.02,43,96535,买盘
940,10:55:09,22.44,-0.01,80,179595,卖盘
941,10:55:13,22.45,0.01,128,287358,买盘
942,10:55:16,22.46,0.01,2,4492,买盘
943,10:55:19,22.46,0.0,13,29198,买盘
944,10:55:22,22.47,0.01,141,316826,买盘
945,10:55:25,22.48,0.01,5,11240,买盘
946,10:55:28,22.47,-0.01,40,89893,卖盘
947,10:55:31,22.48,0.01,36,80903,买盘
948,10:55:33,22.48,0.0,13,29214,买盘
949,10:55:37,22.48,0.0,15,33720,买盘
950,10:55:40,22.48,0.0,33,74178,买盘
951,10:55:42,22.47,-0.01,18,40446,卖盘
952,10:55:51,22.47,0.0,49,110103,买盘
953,10:55:58,22.47,0.0,2,4494,买盘
954,10:56:00,22.47,0.0,3,6741,买盘
955,10:56:07,22.47,0.0,1,2247,买盘
956,10:56:10,22.47,0.0,10,22470,买盘
957,10:56:12,22.47,0.0,5,11235,买盘
958,10:56:18,22.47,0.0,22,49431,买盘
959,10:56:22,22.47,0.0,2,4494,买盘
960,10:56:25,22.45,-0.02,150,336847,卖盘
961,10:56:28,22.47,0.02,27,60661,买盘
962,10:56:34,22.45,-0.02,13,29190,卖盘
963,10:56:40,22.45,0.0,14,31430,卖盘
964,10:56:42,22.45,0.0,58,130210,卖盘
965,10:56:45,22.45,0.0,1,2245,买盘
966,10:56:48,22.44,-0.01,16,35910,卖盘
967,10:56:51,22.49,0.05,480,1078544,买盘
968,10:56:54,22.46,-0.03,2,4492,卖盘
969,10:56:58,22.44,-0.02,14,31434,卖盘
970,10:57:04,22.45,0.01,10,22444,买盘
971,10:57:16,22.45,0.0,2,4490,买盘
972,10:57:18,22.47,0.02,59,132475,买盘
973,10:57:21,22.47,0.0,5,11235,卖盘
974,10:57:24,22.47,0.0,1,2247,卖盘
975,10:57:37,22.47,0.0,34,76398,卖盘
976,10:57:43,22.48,0.01,14,31469,买盘
977,10:57:48,22.47,-0.01,1,2247,卖盘
978,10:57:51,22.45,-0.02,43,96537,卖盘
979,10:57:54,22.45,0.0,15,33675,买盘
980,10:57:58,22.45,0.0,1,2245,买盘
981,10:58:04,22.45,0.0,3,6735,买盘
982,10:58:18,22.44,-0.01,1,2244,卖盘
983,10:58:25,22.45,0.01,1,2245,买盘
984,10:58:28,22.44,-0.01,11,24684,卖盘
985,10:58:37,22.42,-0.02,7,15694,卖盘
986,10:58:39,22.42,0.0,3,6726,卖盘
987,10:58:51,22.49,0.07,299,671932,买盘
988,10:59:04,22.42,-0.07,2,4484,卖盘
989,10:59:22,22.46,0.04,7,15722,买盘
990,10:59:39,22.46,0.0,15,33690,买盘
991,10:59:46,22.46,0.0,11,24706,买盘
992,10:59:49,22.45,-0.01,14,31430,卖盘
993,10:59:55,22.46,0.01,15,33690,买盘
994,10:59:58,22.47,0.01,16,35947,买盘
995,11:00:09,22.45,-0.02,27,60616,卖盘
996,11:00:13,22.45,0.0,20,44900,买盘
997,11:00:24,22.45,0.0,7,15715,买盘
998,11:00:30,22.45,0.0,20,44900,买盘
999,11:00:33,22.43,-0.02,56,125662,卖盘
1000,11:00:40,22.45,0.02,20,44900,买盘
1001,11:00:43,22.43,-0.02,14,31402,卖盘
1002,11:00:49,22.43,0.0,7,15701,卖盘
1003,11:00:55,22.43,0.0,5,11215,卖盘
1004,11:00:58,22.45,0.02,11,24695,买盘
1005,11:01:07,22.43,-0.02,30,67290,卖盘
1006,11:01:13,22.45,0.02,17,38165,买盘
1007,11:01:18,22.45,0.0,20,44900,买盘
1008,11:01:21,22.45,0.0,5,11225,买盘
1009,11:01:24,22.45,0.0,17,38165,买盘
1010,11:01:40,22.44,-0.01,1,2244,卖盘
1011,11:01:54,22.44,0.0,21,47135,卖盘
1012,11:02:07,22.44,0.0,20,44880,买盘
1013,11:02:10,22.43,-0.01,2,4486,卖盘
1014,11:02:16,22.43,0.0,22,49346,卖盘
1015,11:02:30,22.44,0.01,19,42636,买盘
1016,11:02:37,22.42,-0.02,132,295981,卖盘
1017,11:02:49,22.4,-0.02,35,78400,卖盘
1018,11:03:10,22.4,0.0,11,24640,买盘
1019,11:03:13,22.4,0.0,7,15680,买盘
1020,11:03:19,22.4,0.0,20,44800,买盘
1021,11:03:22,22.4,0.0,7,15680,买盘
1022,11:03:25,22.37,-0.03,2,4474,卖盘
1023,11:03:31,22.37,0.0,8,17896,卖盘
1024,11:03:36,22.37,0.0,2,4474,买盘
1025,11:03:39,22.36,-0.01,10,22360,卖盘
1026,11:04:00,22.39,0.03,21,46989,买盘
1027,11:04:09,22.39,0.0,9,20151,买盘
1028,11:04:13,22.37,-0.02,1,2237,卖盘
1029,11:04:18,22.39,0.02,2,4478,买盘
1030,11:04:31,22.39,0.0,8,17912,卖盘
1031,11:04:45,22.4,0.01,2,4480,买盘
1032,11:05:01,22.4,0.0,20,44800,买盘
1033,11:05:04,22.4,0.0,8,17920,买盘
1034,11:05:16,22.42,0.02,14,31366,买盘
1035,11:05:25,22.42,0.0,7,15694,买盘
1036,11:05:31,22.41,-0.01,11,24651,买盘
1037,11:05:34,22.41,0.0,8,17928,买盘
1038,11:05:43,22.41,0.0,1,2241,买盘
1039,11:05:49,22.41,0.0,10,22410,买盘
1040,11:06:01,22.42,0.01,4,8968,买盘
1041,11:06:10,22.42,0.0,64,143488,买盘
1042,11:06:24,22.42,0.0,23,51576,卖盘
1043,11:06:34,22.44,0.02,11,24678,买盘
1044,11:06:37,22.42,-0.02,1,2242,卖盘
1045,11:06:51,22.42,0.0,7,15694,卖盘
1046,11:07:07,22.44,0.02,35,78526,买盘
1047,11:07:28,22.42,-0.02,10,22420,卖盘
1048,11:07:34,22.44,0.02,11,24684,买盘
1049,11:08:10,22.44,0.0,5,11220,买盘
1050,11:08:19,22.44,0.0,7,15708,买盘
1051,11:08:25,22.42,-0.02,6,13452,卖盘
1052,11:08:31,22.42,0.0,22,49324,卖盘
1053,11:08:40,22.41,-0.01,18,40373,卖盘
1054,11:08:46,22.41,0.0,7,15693,卖盘
1055,11:08:51,22.39,-0.02,75,167998,卖盘
1056,11:08:57,22.39,0.0,7,15673,卖盘
1057,11:09:01,22.39,0.0,12,26868,卖盘
1058,11:09:04,22.38,-0.01,27,60452,卖盘
1059,11:09:07,22.48,0.1,800,1796826,买盘
1060,11:09:10,22.35,-0.13,26,58135,卖盘
1061,11:09:13,22.39,0.04,2,4476,买盘
1062,11:09:25,22.37,-0.02,6,13422,中性盘
1063,11:09:28,22.48,0.11,100,224618,买盘
1064,11:09:42,22.45,-0.03,1,2245,买盘
1065,11:09:46,22.45,0.0,22,49390,买盘
1066,11:09:51,22.45,0.0,22,49390,买盘
1067,11:09:57,22.45,0.0,11,24695,买盘
1068,11:10:10,22.45,0.0,7,15715,买盘
1069,11:10:13,22.45,0.0,7,15715,买盘
1070,11:10:18,22.46,0.01,7,15722,买盘
1071,11:10:22,22.44,-0.02,68,152647,卖盘
1072,11:10:28,22.45,0.01,15,33667,买盘
1073,11:10:43,22.47,0.02,11,24701,买盘
1074,11:10:57,22.46,-0.01,7,15722,买盘
1075,11:11:00,22.46,0.0,11,24706,买盘
1076,11:11:04,22.46,0.0,2,4492,买盘
1077,11:11:16,22.45,-0.01,5,11226,卖盘
1078,11:11:27,22.46,0.01,27,60632,买盘
1079,11:11:33,22.46,0.0,8,17968,买盘
1080,11:11:36,22.46,0.0,5,11230,买盘
1081,11:11:39,22.46,0.0,1,2246,买盘
1082,11:11:54,22.47,0.01,7,15725,买盘
1083,11:11:57,22.45,-0.02,12,26940,卖盘
1084,11:12:01,22.46,0.01,23,51657,买盘
1085,11:12:04,22.45,-0.01,14,31441,卖盘
1086,11:12:09,22.45,0.0,8,17960,卖盘
1087,11:12:25,22.45,0.0,1,2245,卖盘
1088,11:12:28,22.45,0.0,12,26940,卖盘
1089,11:12:39,22.45,0.0,43,96535,买盘
1090,11:12:45,22.45,0.0,15,33675,卖盘
1091,11:12:51,22.46,0.01,11,24706,买盘
1092,11:12:57,22.46,0.0,34,76364,买盘
1093,11:13:13,22.46,0.0,10,22460,卖盘
1094,11:13:15,22.47,0.01,13,29201,买盘
1095,11:13:21,22.47,0.0,11,24712,买盘
1096,11:13:25,22.47,0.0,8,17976,买盘
1097,11:13:28,22.47,0.0,4,8988,买盘
1098,11:13:39,22.47,0.0,3,6741,买盘
1099,11:13:49,22.47,0.0,64,143808,买盘
1100,11:13:51,22.46,-0.01,64,143744,卖盘
1101,11:13:54,22.46,0.0,3,6738,卖盘
1102,11:13:58,22.47,0.01,146,328055,买盘
1103,11:14:00,22.46,-0.01,3,6738,中性盘
1104,11:14:06,22.48,0.02,11,24724,买盘
1105,11:14:09,22.46,-0.02,10,22460,卖盘
1106,11:14:33,22.46,0.0,1,2246,卖盘
1107,11:14:43,22.47,0.01,1,2247,买盘
1108,11:14:45,22.47,0.0,11,24717,买盘
1109,11:14:51,22.47,0.0,14,31907,买盘
1110,11:15:06,22.47,0.0,10,22470,卖盘
1111,11:15:10,22.47,0.0,12,26964,卖盘
1112,11:15:18,22.47,0.0,20,44940,卖盘
1113,11:15:21,22.47,0.0,7,15280,卖盘
1114,11:15:25,22.47,0.0,3,6741,买盘
1115,11:15:28,22.47,0.0,20,45389,买盘
1116,11:15:40,22.47,0.0,3,6741,卖盘
1117,11:15:45,22.47,0.0,18,39997,卖盘
1118,11:15:48,22.47,0.0,11,24717,买盘
1119,11:15:57,22.47,0.0,20,44940,买盘
1120,11:16:13,22.47,0.0,5,11235,买盘
1121,11:16:22,22.46,-0.01,24,53904,卖盘
1122,11:16:24,22.46,0.0,12,26952,卖盘
1123,11:16:27,22.45,-0.01,9,20213,卖盘
1124,11:16:40,22.46,0.01,3,6738,买盘
1125,11:16:43,22.45,-0.01,6,13470,卖盘
1126,11:16:49,22.45,0.0,19,42655,买盘
1127,11:17:00,22.44,-0.01,20,44880,买盘
1128,11:17:12,22.41,-0.03,9,20176,卖盘
1129,11:17:27,22.41,0.0,10,22410,卖盘
1130,11:17:36,22.44,0.03,22,49368,买盘
1131,11:17:46,22.4,-0.04,50,112042,卖盘
1132,11:17:49,22.44,0.04,21,47100,买盘
1133,11:17:52,22.42,-0.02,20,44840,卖盘
1134,11:18:10,22.42,0.0,15,33630,卖盘
1135,11:18:13,22.42,0.0,1,2242,买盘
1136,11:18:22,22.42,0.0,11,24662,买盘
1137,11:18:52,22.42,0.0,18,40350,买盘
1138,11:19:18,22.43,0.01,10,22421,买盘
1139,11:19:25,22.4,-0.03,7,15680,卖盘
1140,11:19:39,22.42,0.02,4,8968,买盘
1141,11:19:42,22.44,0.02,21,47078,买盘
1142,11:19:51,22.4,-0.04,6,13440,卖盘
1143,11:20:04,22.4,0.0,4,8960,卖盘
1144,11:20:16,22.4,0.0,6,13440,买盘
1145,11:20:18,22.35,-0.05,80,178942,卖盘
1146,11:20:22,22.4,0.05,7,15680,买盘
1147,11:20:52,22.39,-0.01,1,2239,卖盘
1148,11:21:01,22.4,0.01,11,24640,买盘
1149,11:21:06,22.39,-0.01,25,55998,卖盘
1150,11:21:22,22.39,0.0,5,11195,买盘
1151,11:21:52,22.38,-0.01,10,22380,卖盘
1152,11:22:25,22.39,0.01,22,49258,买盘
1153,11:22:31,22.39,0.0,26,58210,买盘
1154,11:22:57,22.4,0.01,11,24632,买盘
1155,11:23:04,22.38,-0.02,5,11190,卖盘
1156,11:23:21,22.39,0.01,12,26868,卖盘
1157,11:23:28,22.39,0.0,5,11195,卖盘
1158,11:23:46,22.4,0.01,22,49265,买盘
1159,11:23:52,22.4,0.0,7,15680,买盘
1160,11:24:28,22.4,0.0,7,15680,买盘
1161,11:24:31,22.4,0.0,11,24640,买盘
1162,11:24:36,22.4,0.0,11,24640,卖盘
1163,11:24:39,22.4,0.0,6,13440,买盘
1164,11:24:58,22.41,0.01,11,24648,买盘
1165,11:25:13,22.4,-0.01,2,4480,买盘
1166,11:25:48,22.4,0.0,2,4480,买盘
1167,11:25:51,22.4,0.0,18,40312,买盘
1168,11:26:13,22.39,-0.01,5,11195,卖盘
1169,11:26:16,22.4,0.01,4,8960,买盘
1170,11:26:22,22.41,0.01,11,24651,买盘
1171,11:26:37,22.4,-0.01,10,22400,卖盘
1172,11:26:42,22.4,0.0,2,4480,卖盘
1173,11:26:49,22.4,0.0,21,47040,卖盘
1174,11:26:54,22.39,-0.01,2,4478,卖盘
1175,11:26:57,22.4,0.01,11,24640,买盘
1176,11:27:09,22.39,-0.01,10,22390,卖盘
1177,11:27:22,22.39,0.0,11,24629,买盘
1178,11:27:25,22.4,0.01,19,42560,买盘
1179,11:27:28,22.4,0.0,1,2240,买盘
1180,11:28:01,22.4,0.0,2,4480,买盘
1181,11:28:04,22.4,0.0,10,22400,买盘
1182,11:28:13,22.39,-0.01,3,6717,卖盘
1183,11:28:25,22.4,0.01,10,22400,买盘
1184,11:28:33,22.4,0.0,11,24640,买盘
1185,11:28:42,22.39,-0.01,20,44780,卖盘
1186,11:28:49,22.39,0.0,5,11195,卖盘
1187,11:28:51,22.4,0.01,2,4480,买盘
1188,11:28:58,22.39,-0.01,1,2239,卖盘
1189,11:29:01,22.4,0.01,1,2240,买盘
1190,11:29:06,22.4,0.0,11,24640,买盘
1191,11:29:15,22.4,0.0,19,42560,买盘
1192,11:29:18,22.4,0.0,7,15680,买盘
1193,11:29:31,22.4,0.0,5,11200,买盘
1194,11:29:34,22.4,0.0,108,241920,买盘
1195,11:29:42,22.41,0.01,200,448200,买盘
1196,11:29:48,22.41,0.0,2,4482,买盘
1197,11:29:54,22.41,0.0,3,6723,买盘
1198,11:29:57,22.41,0.0,4,8964,买盘
1199,11:30:01,22.41,0.0,20,44820,买盘
1200,13:00:04,22.41,0.0,40,89632,买盘
1201,13:00:07,22.42,0.01,86,192712,买盘
1202,13:00:10,22.43,0.01,27,60539,买盘
1203,13:00:21,22.44,0.01,46,103224,买盘
1204,13:00:33,22.45,0.01,15,33675,买盘
1205,13:00:45,22.45,0.0,5,11225,买盘
1206,13:00:51,22.44,-0.01,9,20196,卖盘
1207,13:01:00,22.45,0.01,28,61958,买盘
1208,13:01:07,22.45,0.0,2,4490,卖盘
1209,13:01:09,22.46,0.01,23,51652,买盘
1210,13:01:13,22.45,-0.01,12,26940,卖盘
1211,13:01:16,22.45,0.0,2,4490,卖盘
1212,13:01:21,22.45,0.0,25,57034,卖盘
1213,13:01:31,22.44,-0.01,1,2244,卖盘
1214,13:01:49,22.44,0.0,5,11220,卖盘
1215,13:02:12,22.43,-0.01,3,6729,中性盘
1216,13:02:15,22.44,0.01,11,24677,买盘
1217,13:02:46,22.44,0.0,6,13464,买盘
1218,13:02:58,22.42,-0.02,5,11210,卖盘
1219,13:03:04,22.44,0.02,13,29168,买盘
1220,13:03:37,22.41,-0.03,25,56027,卖盘
1221,13:03:58,22.41,0.0,5,11205,卖盘
1222,13:04:15,22.44,0.03,15,33641,买盘
1223,13:04:27,22.42,-0.02,26,58267,买盘
1224,13:04:30,22.42,0.0,2,4484,卖盘
1225,13:04:39,22.42,0.0,5,11210,卖盘
1226,13:04:54,22.41,-0.01,54,121040,卖盘
1227,13:04:57,22.41,0.0,12,26912,卖盘
1228,13:05:00,22.41,0.0,2,4482,卖盘
1229,13:05:16,22.43,0.02,1,2243,买盘
1230,13:05:28,22.41,-0.02,2,4482,卖盘
1231,13:05:34,22.4,-0.01,100,224003,卖盘
1232,13:05:43,22.42,0.02,2,4484,买盘
1233,13:05:58,22.4,-0.02,3,6720,买盘
1234,13:06:09,22.4,0.0,1,2240,卖盘
1235,13:06:12,22.4,0.0,41,91840,卖盘
1236,13:06:19,22.4,0.0,1,2240,买盘
1237,13:06:22,22.39,-0.01,1,2239,卖盘
1238,13:06:31,22.37,-0.02,41,91769,卖盘
1239,13:06:46,22.4,0.03,15,33550,买盘
1240,13:06:51,22.36,-0.04,2,4472,卖盘
1241,13:07:07,22.4,0.04,36,80486,买盘
1242,13:07:16,22.35,-0.05,20,44701,卖盘
1243,13:07:31,22.35,0.0,18,40230,卖盘
1244,13:07:34,22.35,0.0,13,29055,卖盘
1245,13:07:46,22.34,-0.01,50,112147,卖盘
1246,13:08:30,22.34,0.0,23,50935,卖盘
1247,13:08:57,22.33,-0.01,1,2680,卖盘
1248,13:09:06,22.34,0.01,8,17872,买盘
1249,13:09:09,22.34,0.0,3,7149,买盘
1250,13:09:16,22.39,0.05,13,29075,买盘
1251,13:09:25,22.33,-0.06,30,66999,卖盘
1252,13:09:45,22.33,0.0,2,4468,卖盘
1253,13:09:48,22.37,0.04,1,2237,买盘
1254,13:10:04,22.33,-0.04,10,22330,卖盘
1255,13:10:06,22.35,0.02,5,11175,卖盘
1256,13:10:16,22.37,0.02,3,6711,买盘
1257,13:10:19,22.35,-0.02,10,22358,卖盘
1258,13:10:48,22.39,0.04,30,67125,买盘
1259,13:11:39,22.39,0.0,11,24629,买盘
1260,13:11:43,22.39,0.0,2,4478,买盘
1261,13:11:48,22.4,0.01,11,24640,买盘
1262,13:11:51,22.39,-0.01,2,4478,中性盘
1263,13:12:01,22.39,0.0,15,33585,卖盘
1264,13:12:07,22.4,0.01,7,15680,买盘
1265,13:12:12,22.39,-0.01,17,38063,买盘
1266,13:12:46,22.39,0.0,8,17912,买盘
1267,13:12:49,22.39,0.0,3,6717,买盘
1268,13:12:55,22.39,0.0,5,11195,卖盘
1269,13:13:01,22.4,0.01,1,2240,买盘
1270,13:13:09,22.39,-0.01,10,22390,卖盘
1271,13:13:12,22.4,0.01,5,11200,买盘
1272,13:13:46,22.4,0.0,5,11200,买盘
1273,13:13:57,22.4,0.0,5,11200,买盘
1274,13:14:04,22.39,-0.01,1,2239,卖盘
1275,13:14:10,22.4,0.01,8,17920,买盘
1276,13:14:13,22.39,-0.01,12,26878,卖盘
1277,13:14:25,22.4,0.01,4,8960,买盘
1278,13:14:39,22.4,0.0,2,4480,买盘
1279,13:14:48,22.4,0.0,5,11200,买盘
1280,13:15:10,22.4,0.0,87,194880,买盘
1281,13:15:15,22.41,0.01,4,8964,买盘
1282,13:15:18,22.41,0.0,14,31374,买盘
1283,13:15:48,22.41,0.0,9,20169,买盘
1284,13:16:04,22.43,0.02,10,22430,买盘
1285,13:16:06,22.43,0.0,10,22430,买盘
1286,13:16:10,22.42,-0.01,6,13452,卖盘
1287,13:16:19,22.43,0.01,13,29159,买盘
1288,13:16:28,22.44,0.01,46,103220,买盘
1289,13:16:37,22.44,0.0,11,24684,买盘
1290,13:16:43,22.44,0.0,30,67320,买盘
1291,13:16:48,22.44,0.0,2,4488,买盘
1292,13:16:54,22.45,0.01,14,31429,买盘
1293,13:17:00,22.43,-0.02,3,6729,卖盘
1294,13:17:04,22.45,0.02,20,44900,买盘
1295,13:17:10,22.45,0.0,13,29185,买盘
1296,13:17:15,22.45,0.0,10,22450,买盘
1297,13:17:19,22.45,0.0,1,1347,卖盘
1298,13:17:22,22.46,0.01,34,76364,买盘
1299,13:17:25,22.45,-0.01,2,4490,卖盘
1300,13:17:31,22.46,0.01,14,31444,买盘
1301,13:17:36,22.45,-0.01,2,4490,卖盘
1302,13:17:43,22.45,0.0,21,47145,卖盘
1303,13:17:46,22.46,0.01,10,22460,买盘
1304,13:17:49,22.45,-0.01,75,168375,卖盘
1305,13:17:52,22.44,-0.01,1,2244,卖盘
1306,13:17:55,22.43,-0.01,7,15709,卖盘
1307,13:17:57,22.45,0.02,12,26940,买盘
1308,13:18:04,22.45,0.0,8,17960,买盘
1309,13:18:19,22.43,-0.02,12,26916,卖盘
1310,13:18:22,22.45,0.02,96,215520,买盘
1311,13:18:31,22.45,0.0,10,22450,卖盘
1312,13:18:34,22.45,0.0,7,15715,卖盘
1313,13:18:36,22.45,0.0,4,8980,卖盘
1314,13:18:46,22.44,-0.01,3,6732,卖盘
1315,13:18:49,22.45,0.01,10,22449,买盘
1316,13:19:04,22.44,-0.01,180,404287,卖盘
1317,13:19:31,22.44,0.0,28,62832,卖盘
1318,13:19:36,22.44,0.0,7,15708,买盘
1319,13:19:51,22.43,-0.01,8,17944,卖盘
1320,13:19:54,22.44,0.01,1,2244,买盘
1321,13:20:04,22.44,0.0,8,17952,买盘
1322,13:20:07,22.43,-0.01,4,8972,卖盘
1323,13:20:15,22.44,0.01,6,13464,买盘
1324,13:20:18,22.43,-0.01,45,100935,卖盘
1325,13:20:24,22.43,0.0,2,4486,卖盘
1326,13:20:37,22.43,0.0,7,15701,卖盘
1327,13:20:42,22.44,0.01,54,121176,买盘
1328,13:20:54,22.44,0.0,2,4488,卖盘
1329,13:21:01,22.44,0.0,1,2244,卖盘
1330,13:21:03,22.45,0.01,3,6735,买盘
1331,13:21:21,22.45,0.0,11,24695,买盘
1332,13:21:27,22.45,0.0,9,20205,买盘
1333,13:21:31,22.45,0.0,22,49390,卖盘
1334,13:21:34,22.45,0.0,13,29185,买盘
1335,13:21:55,22.45,0.0,1,2245,卖盘
1336,13:22:01,22.45,0.0,2,4490,买盘
1337,13:22:04,22.45,0.0,7,15715,买盘
1338,13:22:22,22.44,-0.01,2,4488,卖盘
1339,13:22:33,22.45,0.01,5,11225,买盘
1340,13:22:37,22.45,0.0,7,15715,买盘
1341,13:22:40,22.45,0.0,26,59268,买盘
1342,13:22:43,22.45,0.0,12,26940,卖盘
1343,13:22:46,22.46,0.01,5,11230,买盘
1344,13:22:49,22.46,0.0,3,6738,买盘
1345,13:22:54,22.46,0.0,15,33690,买盘
1346,13:22:57,22.45,-0.01,19,41757,卖盘
1347,13:23:00,22.45,0.0,20,44900,买盘
1348,13:23:06,22.45,0.0,16,36818,买盘
1349,13:23:16,22.45,0.0,10,22450,卖盘
1350,13:23:24,22.45,0.0,1,2245,卖盘
1351,13:23:28,22.46,0.01,49,110054,买盘
1352,13:23:39,22.46,0.0,2,4492,卖盘
1353,13:23:46,22.47,0.01,3,6741,买盘
1354,13:23:55,22.46,-0.01,3,6738,卖盘
1355,13:24:06,22.51,0.05,1565,3518978,买盘
1356,13:24:09,22.51,0.0,10,22510,卖盘
1357,13:24:13,22.52,0.01,69,155388,买盘
1358,13:24:16,22.53,0.01,105,236481,买盘
1359,13:24:21,22.55,0.02,371,836308,买盘
1360,13:24:24,22.56,0.01,5,11280,买盘
1361,13:24:31,22.58,0.02,150,338580,买盘
1362,13:24:37,22.56,-0.02,91,205474,卖盘
1363,13:24:39,22.59,0.03,185,417853,买盘
1364,13:24:42,22.56,-0.03,215,485252,卖盘
1365,13:24:46,22.57,0.01,11,24827,买盘
1366,13:24:48,22.57,0.0,11,24827,买盘
1367,13:24:51,22.57,0.0,55,124135,买盘
1368,13:24:55,22.57,0.0,9,20313,卖盘
1369,13:24:58,22.57,0.0,4,9027,买盘
1370,13:25:04,22.57,0.0,74,166966,买盘
1371,13:25:07,22.57,0.0,26,58682,买盘
1372,13:25:10,22.57,0.0,14,31598,买盘
1373,13:25:13,22.58,0.01,6,13548,买盘
1374,13:25:16,22.57,-0.01,42,94349,卖盘
1375,13:25:19,22.57,0.0,1,2257,卖盘
1376,13:25:22,22.58,0.01,17,38372,买盘
1377,13:25:24,22.58,0.0,10,22580,买盘
1378,13:25:31,22.57,-0.01,30,67710,中性盘
1379,13:25:34,22.58,0.01,1,2258,买盘
1380,13:25:37,22.57,-0.01,20,45140,卖盘
1381,13:25:43,22.56,-0.01,6,13536,卖盘
1382,13:25:48,22.55,-0.01,16,36095,卖盘
1383,13:25:55,22.55,0.0,4,9020,买盘
1384,13:25:58,22.55,0.0,26,58630,卖盘
1385,13:26:01,22.55,0.0,1,2255,买盘
1386,13:26:04,22.53,-0.02,1,2253,卖盘
1387,13:26:09,22.57,0.04,290,654392,买盘
1388,13:26:16,22.53,-0.04,4,9012,卖盘
1389,13:26:19,22.58,0.05,22,49616,买盘
1390,13:26:31,22.53,-0.05,12,27034,买盘
1391,13:26:33,22.53,0.0,10,22529,买盘
1392,13:26:39,22.53,0.0,11,24783,买盘
1393,13:26:51,22.52,-0.01,61,137420,卖盘
1394,13:26:54,22.56,0.04,1,2256,买盘
1395,13:27:01,22.56,0.0,41,92389,买盘
1396,13:27:04,22.56,0.0,6,13536,买盘
1397,13:27:10,22.53,-0.03,1,2253,卖盘
1398,13:27:13,22.53,0.0,80,180297,卖盘
1399,13:27:31,22.51,-0.02,71,159845,卖盘
1400,13:27:46,22.54,0.03,3,6762,买盘
1401,13:27:49,22.54,0.0,4,9016,买盘
1402,13:27:52,22.54,0.0,11,24794,买盘
1403,13:27:55,22.53,-0.01,2,4506,卖盘
1404,13:28:01,22.54,0.01,6,13524,买盘
1405,13:28:06,22.54,0.0,1,2254,卖盘
1406,13:28:09,22.54,0.0,39,87906,卖盘
1407,13:28:12,22.54,0.0,1,2254,买盘
1408,13:28:15,22.54,0.0,13,29302,买盘
1409,13:28:19,22.53,-0.01,30,67590,卖盘
1410,13:28:22,22.54,0.01,5,11270,买盘
1411,13:28:25,22.54,0.0,5,11269,买盘
1412,13:28:31,22.54,0.0,2,4508,买盘
1413,13:28:34,22.53,-0.01,22,49566,卖盘
1414,13:28:43,22.53,0.0,2,4506,卖盘
1415,13:28:49,22.53,0.0,31,69843,卖盘
1416,13:28:55,22.53,0.0,102,229906,卖盘
1417,13:29:01,22.53,0.0,28,63109,卖盘
1418,13:29:13,22.53,0.0,7,15771,卖盘
1419,13:29:19,22.54,0.01,11,24791,买盘
1420,13:29:22,22.51,-0.03,61,137311,卖盘
1421,13:29:25,22.53,0.02,8,18016,买盘
1422,13:29:31,22.53,0.0,4,9012,买盘
1423,13:29:40,22.51,-0.02,2,4502,卖盘
1424,13:29:43,22.54,0.03,11,24792,买盘
1425,13:30:15,22.54,0.0,6,13524,买盘
1426,13:30:18,22.54,0.0,10,22540,买盘
1427,13:30:37,22.54,0.0,5,11270,买盘
1428,13:30:45,22.54,0.0,51,114954,买盘
1429,13:30:51,22.54,0.0,5,11270,卖盘
1430,13:30:54,22.54,0.0,6,13524,卖盘
1431,13:30:58,22.54,0.0,26,58604,卖盘
1432,13:31:13,22.52,-0.02,19,42818,卖盘
1433,13:31:16,22.52,0.0,6,13520,卖盘
1434,13:31:27,22.53,0.01,8,18024,买盘
1435,13:31:33,22.52,-0.01,19,42802,卖盘
1436,13:31:37,22.54,0.02,44,99148,买盘
1437,13:31:54,22.5,-0.04,600,1350206,卖盘
1438,13:32:10,22.5,0.0,60,135000,卖盘
1439,13:32:13,22.52,0.02,24,54008,买盘
1440,13:32:15,22.5,-0.02,2,4500,卖盘
1441,13:32:19,22.5,0.0,10,22500,卖盘
1442,13:32:22,22.5,0.0,7,15750,卖盘
1443,13:32:27,22.5,0.0,53,119250,卖盘
1444,13:32:30,22.5,0.0,24,54000,卖盘
1445,13:32:36,22.5,0.0,171,384778,卖盘
1446,13:32:40,22.5,0.0,95,214650,卖盘
1447,13:32:45,22.5,0.0,19,42750,买盘
1448,13:33:04,22.5,0.0,34,76452,买盘
1449,13:33:19,22.48,-0.02,89,200072,卖盘
1450,13:33:27,22.44,-0.04,10,22440,卖盘
1451,13:33:55,22.44,0.0,1,2244,卖盘
1452,13:33:58,22.44,0.0,1,2244,卖盘
1453,13:34:07,22.43,-0.01,10,22430,卖盘
1454,13:34:13,22.44,0.01,10,22440,中性盘
1455,13:34:21,22.43,-0.01,1,2243,卖盘
1456,13:34:27,22.44,0.01,20,44880,买盘
1457,13:34:34,22.44,0.0,1,2244,买盘
1458,13:34:43,22.44,0.0,48,107710,买盘
1459,13:34:54,22.44,0.0,9,20196,卖盘
1460,13:35:16,22.44,0.0,58,130168,卖盘
1461,13:35:33,22.45,0.01,5,11228,卖盘
1462,13:35:36,22.46,0.01,11,24706,买盘
1463,13:35:52,22.45,-0.01,2,4490,卖盘
1464,13:35:55,22.45,0.0,1,2245,卖盘
1465,13:35:57,22.46,0.01,4,8984,买盘
1466,13:36:04,22.46,0.0,4,8984,买盘
1467,13:36:22,22.45,-0.01,3,6735,卖盘
1468,13:36:31,22.46,0.01,8,17970,买盘
1469,13:36:37,22.45,-0.01,2,4491,卖盘
1470,13:36:40,22.44,-0.01,41,92018,卖盘
1471,13:36:45,22.44,0.0,17,38148,买盘
1472,13:36:58,22.45,0.01,2,4490,中性盘
1473,13:37:19,22.44,-0.01,2,4488,买盘
1474,13:37:21,22.45,0.01,24,53878,买盘
1475,13:37:25,22.43,-0.02,16,35905,卖盘
1476,13:37:30,22.43,0.0,20,44860,卖盘
1477,13:37:39,22.5,0.07,12,26998,买盘
1478,13:37:46,22.5,0.0,7,15750,买盘
1479,13:38:04,22.5,0.0,11,24747,买盘
1480,13:38:10,22.5,0.0,3,6750,买盘
1481,13:38:13,22.49,-0.01,1,2249,卖盘
1482,13:38:28,22.49,0.0,7,15743,买盘
1483,13:38:31,22.5,0.01,7,15749,买盘
1484,13:38:43,22.49,-0.01,2,4498,买盘
1485,13:38:52,22.5,0.01,131,294750,买盘
1486,13:39:01,22.5,0.0,70,157580,卖盘
1487,13:39:07,22.52,0.02,15,33778,买盘
1488,13:39:09,22.5,-0.02,27,60750,卖盘
1489,13:39:13,22.5,0.0,8,18000,买盘
1490,13:39:18,22.5,0.0,2,4500,买盘
1491,13:39:22,22.49,-0.01,20,44995,卖盘
1492,13:39:25,22.52,0.03,14,31524,买盘
1493,13:39:33,22.52,0.0,5,11260,买盘
1494,13:39:36,22.52,0.0,1,2252,买盘
1495,13:39:42,22.52,0.0,27,60802,买盘
1496,13:39:55,22.53,0.01,6,13518,买盘
1497,13:39:58,22.54,0.01,22,49578,买盘
1498,13:40:04,22.53,-0.01,2,4506,买盘
1499,13:40:12,22.52,-0.01,31,69842,卖盘
1500,13:40:16,22.54,0.02,4,9016,买盘
1501,13:40:22,22.52,-0.02,61,137372,卖盘
1502,13:40:24,22.54,0.02,1,2254,买盘
1503,13:40:27,22.52,-0.02,3,6756,卖盘
1504,13:40:31,22.52,0.0,4,9008,买盘
1505,13:40:37,22.52,0.0,5,11258,买盘
1506,13:40:46,22.52,0.0,27,60802,买盘
1507,13:40:49,22.52,0.0,2,4504,卖盘
1508,13:40:58,22.5,-0.02,85,191286,卖盘
1509,13:41:10,22.5,0.0,13,29250,卖盘
1510,13:41:16,22.5,0.0,3,6750,卖盘
1511,13:41:19,22.5,0.0,3,6750,卖盘
1512,13:41:22,22.49,-0.01,2,4498,卖盘
1513,13:41:25,22.45,-0.04,2,4494,卖盘
1514,13:41:55,22.49,0.04,8,17992,买盘
1515,13:42:10,22.49,0.0,2,4498,买盘
1516,13:42:22,22.46,-0.03,5,11232,卖盘
1517,13:42:27,22.5,0.04,12,26993,买盘
1518,13:42:31,22.5,0.0,6,13496,买盘
1519,13:42:33,22.45,-0.05,40,89906,卖盘
1520,13:42:46,22.5,0.05,2,4500,买盘
1521,13:42:49,22.5,0.0,5,11250,买盘
1522,13:43:01,22.46,-0.04,4,8984,卖盘
1523,13:43:28,22.5,0.04,6,13496,买盘
1524,13:43:39,22.48,-0.02,2,4496,买盘
1525,13:43:43,22.47,-0.01,2,4494,卖盘
1526,13:43:48,22.5,0.03,4,8998,买盘
1527,13:44:01,22.5,0.0,1,2250,买盘
1528,13:44:07,22.47,-0.03,2,4494,卖盘
1529,13:44:10,22.47,0.0,16,35952,卖盘
1530,13:44:22,22.46,-0.01,2,4492,卖盘
1531,13:44:34,22.46,0.0,14,31456,卖盘
1532,13:44:36,22.46,0.0,49,110054,卖盘
1533,13:44:48,22.45,-0.01,49,110005,卖盘
1534,13:44:54,22.44,-0.01,3,6734,卖盘
1535,13:45:13,22.45,0.01,3,6735,买盘
1536,13:45:16,22.45,0.0,4,8980,买盘
1537,13:45:22,22.45,0.0,3,6735,卖盘
1538,13:45:31,22.44,-0.01,51,114449,卖盘
1539,13:45:45,22.44,0.0,13,29172,卖盘
1540,13:46:07,22.44,0.0,2,4488,卖盘
1541,13:46:27,22.44,0.0,2,4488,卖盘
1542,13:46:43,22.44,0.0,2,4488,卖盘
1543,13:46:58,22.46,0.02,10,22460,买盘
1544,13:47:01,22.46,0.0,3,6738,买盘
1545,13:47:22,22.47,0.01,12,26964,买盘
1546,13:47:37,22.48,0.01,18,40457,买盘
1547,13:47:46,22.49,0.01,3,6747,买盘
1548,13:47:48,22.49,0.0,4,8996,买盘
1549,13:48:00,22.49,0.0,12,26988,买盘
1550,13:48:10,22.49,0.0,15,33735,买盘
1551,13:48:13,22.49,0.0,2,4498,卖盘
1552,13:48:19,22.49,0.0,3,6747,卖盘
1553,13:48:30,22.49,0.0,1,2249,卖盘
1554,13:48:37,22.49,0.0,24,53976,卖盘
1555,13:48:40,22.49,0.0,15,33735,买盘
1556,13:48:42,22.49,0.0,15,33726,买盘
1557,13:48:54,22.48,-0.01,5,11238,买盘
1558,13:49:15,22.46,-0.02,10,22460,卖盘
1559,13:49:18,22.47,0.01,5,11235,买盘
1560,13:49:21,22.47,0.0,1,2247,卖盘
1561,13:49:43,22.46,-0.01,3,6738,卖盘
1562,13:49:51,22.47,0.01,12,26954,买盘
1563,13:49:57,22.48,0.01,10,22476,买盘
1564,13:50:15,22.46,-0.02,6,13476,卖盘
1565,13:50:19,22.46,0.0,6,13476,买盘
1566,13:50:24,22.46,0.0,10,22460,买盘
1567,13:50:31,22.46,0.0,3,6738,买盘
1568,13:50:37,22.45,-0.01,2,4490,卖盘
1569,13:50:43,22.45,0.0,30,67356,卖盘
1570,13:50:55,22.44,-0.01,2,4488,卖盘
1571,13:51:07,22.45,0.01,12,26940,买盘
1572,13:51:16,22.45,0.0,19,43092,买盘
1573,13:51:34,22.46,0.01,21,47166,买盘
1574,13:51:46,22.46,0.0,3,6738,卖盘
1575,13:52:04,22.47,0.01,16,35952,买盘
1576,13:52:33,22.46,-0.01,3,6738,卖盘
1577,13:52:43,22.47,0.01,20,44933,买盘
1578,13:52:55,22.47,0.0,5,11235,买盘
1579,13:53:09,22.47,0.0,6,13482,买盘
1580,13:53:12,22.47,0.0,26,58422,买盘
1581,13:53:15,22.47,0.0,62,139314,卖盘
1582,13:53:18,22.46,-0.01,87,195491,卖盘
1583,13:53:24,22.46,0.0,22,49412,买盘
1584,13:53:27,22.45,-0.01,3,6735,卖盘
1585,13:53:33,22.45,0.0,9,20205,卖盘
1586,13:53:51,22.45,0.0,3,6735,卖盘
1587,13:54:04,22.45,0.0,3,6735,卖盘
1588,13:54:07,22.44,-0.01,55,123422,卖盘
1589,13:54:12,22.44,0.0,2,4488,卖盘
1590,13:54:36,22.44,0.0,2,4488,卖盘
1591,13:54:46,22.48,0.04,12,26958,买盘
1592,13:54:49,22.44,-0.04,36,80784,卖盘
1593,13:55:07,22.44,0.0,7,15708,卖盘
1594,13:55:16,22.47,0.03,3,6739,买盘
1595,13:55:18,22.46,-0.01,10,22463,卖盘
1596,13:55:27,22.46,0.0,1,2246,买盘
1597,13:55:33,22.46,0.0,1,2246,买盘
1598,13:55:36,22.46,0.0,12,26952,买盘
1599,13:55:46,22.48,0.02,96,215794,买盘
1600,13:56:04,22.45,-0.03,2,4490,卖盘
1601,13:56:19,22.48,0.03,18,40457,买盘
1602,13:56:48,22.45,-0.03,5,11225,卖盘
1603,13:56:51,22.48,0.03,27,60668,买盘
1604,13:57:06,22.48,0.0,52,116880,买盘
1605,13:57:09,22.47,-0.01,4,8988,买盘
1606,13:57:12,22.45,-0.02,2,4490,卖盘
1607,13:57:22,22.47,0.02,7,15729,买盘
1608,13:57:28,22.47,0.0,7,15727,买盘
1609,13:57:34,22.46,-0.01,13,29210,卖盘
1610,13:57:36,22.48,0.02,7,15736,买盘
1611,13:57:40,22.48,0.0,9,20232,买盘
1612,13:57:42,22.47,-0.01,47,105654,卖盘
1613,13:57:45,22.48,0.01,2,4496,买盘
1614,13:57:49,22.48,0.0,5,11240,买盘
1615,13:57:52,22.45,-0.03,4,8984,卖盘
1616,13:58:25,22.46,0.01,6,13471,买盘
1617,13:58:45,22.45,-0.01,5,11225,卖盘
1618,13:58:49,22.45,0.0,45,101025,卖盘
1619,13:58:54,22.45,0.0,4,8980,卖盘
1620,13:59:00,22.45,0.0,5,11225,卖盘
1621,13:59:07,22.45,0.0,2,4490,卖盘
1622,13:59:15,22.45,0.0,4,8980,卖盘
1623,13:59:21,22.44,-0.01,2,4488,卖盘
1624,13:59:31,22.44,0.0,4,8976,卖盘
1625,13:59:34,22.45,0.01,1,2245,买盘
1626,13:59:37,22.44,-0.01,1,2244,卖盘
1627,14:00:15,22.45,0.01,7,15715,买盘
1628,14:00:28,22.44,-0.01,17,38157,卖盘
1629,14:00:36,22.45,0.01,5,11225,买盘
1630,14:00:55,22.44,-0.01,8,17952,卖盘
1631,14:00:58,22.44,0.0,2,4488,卖盘
1632,14:01:00,22.45,0.01,10,22450,买盘
1633,14:01:09,22.44,-0.01,1,2244,卖盘
1634,14:01:31,22.44,0.0,29,65083,卖盘
1635,14:01:40,22.44,0.0,2,4488,卖盘
1636,14:01:43,22.45,0.01,1,2245,买盘
1637,14:01:52,22.45,0.0,20,44900,买盘
1638,14:02:04,22.45,0.0,7,15715,买盘
1639,14:02:07,22.45,0.0,10,22450,买盘
1640,14:02:15,22.45,0.0,11,24695,买盘
1641,14:02:25,22.45,0.0,16,35920,买盘
1642,14:02:28,22.44,-0.01,20,44880,卖盘
1643,14:02:46,22.45,0.01,4,8980,买盘
1644,14:02:48,22.45,0.0,10,22450,买盘
1645,14:02:52,22.45,0.0,21,47145,买盘
1646,14:03:10,22.44,-0.01,2,4488,卖盘
1647,14:03:19,22.44,0.0,12,26938,卖盘
1648,14:03:22,22.44,0.0,20,44880,卖盘
1649,14:03:25,22.45,0.01,9,20199,买盘
1650,14:03:28,22.44,-0.01,3,6732,卖盘
1651,14:03:30,22.44,0.0,2,4488,卖盘
1652,14:03:33,22.44,0.0,1,2244,卖盘
1653,14:03:37,22.44,0.0,1,2244,卖盘
1654,14:03:46,22.44,0.0,1,2244,卖盘
1655,14:03:51,22.45,0.01,5,11225,买盘
1656,14:04:04,22.44,-0.01,27,60588,卖盘
1657,14:04:10,22.45,0.01,1,2245,买盘
1658,14:04:18,22.45,0.0,1,2245,买盘
1659,14:04:21,22.44,-0.01,2,4488,卖盘
1660,14:04:34,22.44,0.0,1,2244,卖盘
1661,14:04:57,22.44,0.0,3,6732,卖盘
1662,14:05:07,22.44,0.0,3,6732,买盘
1663,14:05:12,22.43,-0.01,1,2243,卖盘
1664,14:05:16,22.44,0.01,2,4488,买盘
1665,14:05:19,22.43,-0.01,6,13458,卖盘
1666,14:05:28,22.43,0.0,5,11215,卖盘
1667,14:05:43,22.44,0.01,17,38146,买盘
1668,14:05:48,22.43,-0.01,10,22430,卖盘
1669,14:05:54,22.43,0.0,5,11215,卖盘
1670,14:05:58,22.43,0.0,2,4486,卖盘
1671,14:06:09,22.44,0.01,18,40392,买盘
1672,14:06:31,22.43,-0.01,6,13458,卖盘
1673,14:06:39,22.43,0.0,17,38141,卖盘
1674,14:06:51,22.43,0.0,1,2243,买盘
1675,14:07:01,22.44,0.01,49,109908,买盘
1676,14:07:09,22.43,-0.01,2,4486,卖盘
1677,14:07:16,22.44,0.01,3,6732,买盘
1678,14:07:19,22.44,0.0,4,8976,买盘
1679,14:07:25,22.44,0.0,8,17952,买盘
1680,14:07:31,22.44,0.0,2,4488,买盘
1681,14:07:34,22.44,0.0,6,13464,买盘
1682,14:07:37,22.44,0.0,6,13464,卖盘
1683,14:07:43,22.44,0.0,5,11220,卖盘
1684,14:07:58,22.43,-0.01,2,4486,卖盘
1685,14:08:09,22.44,0.01,4,8976,买盘
1686,14:08:18,22.44,0.0,10,22440,买盘
1687,14:08:43,22.44,0.0,5,11220,买盘
1688,14:09:00,22.43,-0.01,1,2243,卖盘
1689,14:09:15,22.43,0.0,2,4486,卖盘
1690,14:09:18,22.43,0.0,2,4486,卖盘
1691,14:09:57,22.43,0.0,25,56075,卖盘
1692,14:10:01,22.44,0.01,3,6732,买盘
1693,14:10:04,22.43,-0.01,2,4486,卖盘
1694,14:10:16,22.43,0.0,2,4486,卖盘
1695,14:10:21,22.43,0.0,4,8972,卖盘
1696,14:10:42,22.42,-0.01,6,13452,卖盘
1697,14:10:45,22.42,0.0,5,11210,卖盘
1698,14:10:49,22.42,0.0,6,13452,卖盘
1699,14:10:51,22.4,-0.02,40,89604,卖盘
1700,14:11:07,22.4,0.0,8,17920,卖盘
1701,14:11:10,22.41,0.01,2,4482,买盘
1702,14:11:13,22.41,0.0,2,4482,卖盘
1703,14:11:16,22.41,0.0,6,13446,卖盘
1704,14:11:21,22.41,0.0,10,22410,买盘
1705,14:11:31,22.4,-0.01,3,6720,卖盘
1706,14:11:40,22.41,0.01,1,2241,买盘
1707,14:11:43,22.41,0.0,3,6723,买盘
1708,14:11:45,22.4,-0.01,29,64960,卖盘
1709,14:11:52,22.41,0.01,8,17926,买盘
1710,14:11:55,22.4,-0.01,29,64964,卖盘
1711,14:11:58,22.4,0.0,3,6720,买盘
1712,14:12:06,22.41,0.01,1,2241,卖盘
1713,14:12:09,22.41,0.0,4,8964,卖盘
1714,14:12:12,22.39,-0.02,13,29123,卖盘
1715,14:12:28,22.39,0.0,4,8956,卖盘
1716,14:12:30,22.4,0.01,35,78384,买盘
1717,14:12:46,22.4,0.0,5,11200,卖盘
1718,14:12:52,22.42,0.02,15,33620,买盘
1719,14:12:55,22.41,-0.01,3,6723,买盘
1720,14:13:04,22.41,0.0,3,6723,买盘
1721,14:13:06,22.41,0.0,3,6723,买盘
1722,14:13:09,22.39,-0.02,24,53773,卖盘
1723,14:13:42,22.42,0.03,2,4482,买盘
1724,14:13:55,22.43,0.01,4,8970,买盘
1725,14:14:01,22.43,0.0,1,2243,卖盘
1726,14:14:04,22.43,0.0,9,20187,卖盘
1727,14:14:09,22.42,-0.01,10,22420,买盘
1728,14:14:16,22.44,0.02,21,47113,买盘
1729,14:14:30,22.41,-0.03,16,35856,卖盘
1730,14:14:46,22.44,0.03,15,33636,买盘
1731,14:14:52,22.44,0.0,8,17952,买盘
1732,14:15:16,22.44,0.0,1,2244,买盘
1733,14:15:22,22.44,0.0,5,11220,买盘
1734,14:15:25,22.42,-0.02,22,49366,卖盘
1735,14:15:28,22.44,0.02,2,4488,买盘
1736,14:15:30,22.44,0.0,23,51580,买盘
1737,14:15:33,22.44,0.0,2,4488,卖盘
1738,14:15:36,22.44,0.0,1,2244,卖盘
1739,14:15:42,22.44,0.0,10,22440,卖盘
1740,14:15:46,22.44,0.0,3,6732,中性盘
1741,14:16:07,22.4,-0.04,42,94087,卖盘
1742,14:16:10,22.4,0.0,5,11200,买盘
1743,14:16:13,22.43,0.03,58,129881,买盘
1744,14:16:46,22.4,-0.03,10,22400,卖盘
1745,14:16:54,22.42,0.02,18,40329,买盘
1746,14:17:01,22.4,-0.02,3,6720,卖盘
1747,14:17:07,22.4,0.0,1,2240,卖盘
1748,14:17:28,22.39,-0.01,2,4478,卖盘
1749,14:17:39,22.4,0.01,2,4480,买盘
1750,14:18:00,22.39,-0.01,2,4478,卖盘
1751,14:18:07,22.4,0.01,19,42560,买盘
1752,14:18:13,22.39,-0.01,11,24629,卖盘
1753,14:18:22,22.36,-0.03,60,134277,卖盘
1754,14:18:25,22.35,-0.01,10,22359,卖盘
1755,14:18:28,22.35,0.0,2,4470,卖盘
1756,14:18:34,22.38,0.03,7,15666,买盘
1757,14:18:39,22.38,0.0,32,71616,买盘
1758,14:18:51,22.38,0.0,11,24618,买盘
1759,14:19:01,22.38,0.0,2,4476,买盘
1760,14:19:07,22.36,-0.02,8,17888,卖盘
1761,14:19:09,22.36,0.0,10,22360,中性盘
1762,14:19:25,22.35,-0.01,28,62596,卖盘
1763,14:19:27,22.35,0.0,29,64815,卖盘
1764,14:19:31,22.35,0.0,10,22350,卖盘
1765,14:19:39,22.35,0.0,3,6705,卖盘
1766,14:19:49,22.33,-0.02,2,4466,卖盘
1767,14:19:58,22.33,0.0,98,218856,卖盘
1768,14:20:06,22.35,0.02,17,37995,买盘
1769,14:20:09,22.35,0.0,50,111750,卖盘
1770,14:20:21,22.33,-0.02,197,439289,卖盘
1771,14:20:30,22.33,0.0,24,53592,买盘
1772,14:20:36,22.33,0.0,59,131744,买盘
1773,14:20:49,22.33,0.0,142,317086,买盘
1774,14:20:51,22.33,0.0,1,2233,买盘
1775,14:20:57,22.32,-0.01,50,111642,卖盘
1776,14:21:01,22.33,0.01,2,4466,卖盘
1777,14:21:04,22.34,0.01,1,2234,买盘
1778,14:21:10,22.33,-0.01,10,22330,卖盘
1779,14:21:13,22.33,0.0,8,17864,卖盘
1780,14:21:16,22.37,0.04,10,22369,卖盘
1781,14:21:21,22.37,0.0,8,17896,买盘
1782,14:21:27,22.37,0.0,9,21028,买盘
1783,14:21:42,22.37,0.0,1,1342,买盘
1784,14:21:54,22.37,0.0,25,56820,买盘
1785,14:21:57,22.35,-0.02,37,81834,卖盘
1786,14:22:01,22.35,0.0,30,67050,买盘
1787,14:22:10,22.34,-0.01,5,11170,卖盘
1788,14:22:49,22.34,0.0,8,17872,卖盘
1789,14:22:54,22.34,0.0,7,15638,买盘
1790,14:23:16,22.34,0.0,8,17872,买盘
1791,14:23:18,22.33,-0.01,6,13402,卖盘
1792,14:23:55,22.34,0.01,2,4468,买盘
1793,14:24:01,22.35,0.01,8,17873,买盘
1794,14:24:18,22.34,-0.01,10,22340,卖盘
1795,14:24:31,22.35,0.01,8,17880,买盘
1796,14:24:34,22.35,0.0,7,15645,买盘
1797,14:24:37,22.35,0.0,4,8940,买盘
1798,14:24:46,22.35,0.0,98,219030,买盘
1799,14:24:52,22.35,0.0,1,3129,买盘
1800,14:25:06,22.38,0.03,76,170088,买盘
1801,14:25:27,22.39,0.01,5,11195,买盘
1802,14:25:31,22.39,0.0,8,17912,买盘
1803,14:25:34,22.38,-0.01,10,22380,卖盘
1804,14:25:37,22.39,0.01,7,15673,买盘
1805,14:25:55,22.4,0.01,10,22400,买盘
1806,14:26:01,22.39,-0.01,53,118667,卖盘
1807,14:26:06,22.38,-0.01,6,13428,卖盘
1808,14:26:13,22.38,0.0,6,13428,卖盘
1809,14:26:19,22.38,0.0,3,6714,卖盘
1810,14:26:28,22.38,0.0,23,51474,卖盘
1811,14:26:40,22.39,0.01,1,2239,买盘
1812,14:26:48,22.38,-0.01,17,38046,卖盘
1813,14:27:04,22.38,0.0,10,22380,买盘
1814,14:27:07,22.36,-0.02,50,111800,卖盘
1815,14:27:13,22.38,0.02,10,22376,买盘
1816,14:27:25,22.35,-0.03,13,29066,卖盘
1817,14:27:52,22.35,0.0,51,113985,卖盘
1818,14:27:58,22.36,0.01,10,22360,买盘
1819,14:28:00,22.34,-0.02,137,306065,卖盘
1820,14:28:04,22.33,-0.01,3,6700,卖盘
1821,14:28:09,22.34,0.01,3,6702,买盘
1822,14:28:16,22.37,0.03,9,20118,买盘
1823,14:28:22,22.34,-0.03,1,2234,买盘
1824,14:28:33,22.36,0.02,10,22360,买盘
1825,14:28:40,22.36,0.0,1,2236,买盘
1826,14:29:04,22.36,0.0,4,8944,买盘
1827,14:29:15,22.34,-0.02,7,15638,卖盘
1828,14:30:07,22.35,0.01,50,111750,卖盘
1829,14:30:16,22.35,0.0,10,22350,卖盘
1830,14:30:37,22.35,0.0,11,24585,卖盘
1831,14:30:46,22.35,0.0,8,17880,买盘
1832,14:30:48,22.34,-0.01,2,4468,卖盘
1833,14:31:04,22.33,-0.01,50,111683,卖盘
1834,14:31:10,22.34,0.01,6,13404,中性盘
1835,14:31:13,22.34,0.0,8,17872,买盘
1836,14:31:16,22.35,0.01,25,55859,买盘
1837,14:31:19,22.34,-0.01,20,44680,买盘
1838,14:31:27,22.35,0.01,5,11175,买盘
1839,14:31:33,22.33,-0.02,10,22336,卖盘
1840,14:31:37,22.35,0.02,4,8940,买盘
1841,14:31:43,22.35,0.0,1,2235,买盘
1842,14:31:49,22.35,0.0,8,17880,买盘
1843,14:31:51,22.38,0.03,300,671061,买盘
1844,14:31:55,22.33,-0.05,3,6699,卖盘
1845,14:32:01,22.33,0.0,50,111650,卖盘
1846,14:32:04,22.34,0.01,4,8936,卖盘
1847,14:32:06,22.34,0.0,2,4468,卖盘
1848,14:32:10,22.34,0.0,2,4468,卖盘
1849,14:32:22,22.34,0.0,20,44690,卖盘
1850,14:32:28,22.37,0.03,194,433970,买盘
1851,14:32:34,22.37,0.0,2,4474,卖盘
1852,14:32:37,22.37,0.0,2,4474,卖盘
1853,14:32:55,22.38,0.01,8,17904,买盘
1854,14:32:58,22.37,-0.01,2,4474,卖盘
1855,14:33:01,22.37,0.0,5,11185,买盘
1856,14:33:25,22.35,-0.02,4,8940,卖盘
1857,14:33:43,22.36,0.01,1,2236,买盘
1858,14:33:46,22.37,0.01,118,263965,买盘
1859,14:33:52,22.35,-0.02,2,4470,卖盘
1860,14:34:22,22.37,0.02,31,69347,买盘
1861,14:34:30,22.37,0.0,1,2237,买盘
1862,14:34:33,22.37,0.0,2,4474,买盘
1863,14:34:40,22.37,0.0,4,8948,买盘
1864,14:35:01,22.37,0.0,4,8948,买盘
1865,14:35:07,22.36,-0.01,11,24596,卖盘
1866,14:35:18,22.36,0.0,8,17888,买盘
1867,14:35:24,22.37,0.01,2,4473,买盘
1868,14:35:34,22.37,0.0,102,228154,买盘
1869,14:35:37,22.37,0.0,20,44716,买盘
1870,14:35:40,22.35,-0.02,20,44700,卖盘
1871,14:35:43,22.35,0.0,6,13411,卖盘
1872,14:35:46,22.36,0.01,3,6708,买盘
1873,14:35:54,22.35,-0.01,124,277140,卖盘
1874,14:36:04,22.35,0.0,1,2235,买盘
1875,14:36:06,22.34,-0.01,2,2681,卖盘
1876,14:36:16,22.34,0.0,15,33520,卖盘
1877,14:36:30,22.34,0.0,20,44680,卖盘
1878,14:36:46,22.35,0.01,21,46915,买盘
1879,14:36:49,22.35,0.0,14,31290,买盘
1880,14:36:52,22.35,0.0,10,22350,买盘
1881,14:36:55,22.34,-0.01,6,15191,卖盘
1882,14:36:58,22.34,0.0,8,17872,买盘
1883,14:37:04,22.34,0.0,5,11170,买盘
1884,14:37:06,22.34,0.0,1,447,卖盘
1885,14:37:09,22.35,0.01,2,4470,买盘
1886,14:37:13,22.35,0.0,18,40229,买盘
1887,14:37:16,22.35,0.0,36,80460,买盘
1888,14:37:25,22.35,0.0,34,75990,卖盘
1889,14:37:27,22.36,0.01,15,33540,买盘
1890,14:37:30,22.35,-0.01,22,49190,中性盘
1891,14:37:37,22.36,0.01,11,24596,买盘
1892,14:37:42,22.36,0.0,4,8943,买盘
1893,14:37:46,22.35,-0.01,6,13410,卖盘
1894,14:37:51,22.36,0.01,68,152048,买盘
1895,14:37:55,22.37,0.01,1,2237,买盘
1896,14:38:01,22.37,0.0,1,2237,买盘
1897,14:38:04,22.36,-0.01,30,67080,卖盘
1898,14:38:10,22.37,0.01,1,2237,买盘
1899,14:38:13,22.37,0.0,2,4474,买盘
1900,14:38:19,22.36,-0.01,8,17888,卖盘
1901,14:38:28,22.37,0.01,15,33543,买盘
1902,14:38:34,22.37,0.0,1,2237,买盘
1903,14:38:43,22.36,-0.01,21,46957,卖盘
1904,14:38:52,22.37,0.01,2,4474,买盘
1905,14:38:58,22.36,-0.01,20,44720,卖盘
1906,14:39:01,22.37,0.01,2,4474,买盘
1907,14:39:04,22.37,0.0,1,2237,买盘
1908,14:39:13,22.36,-0.01,1,2236,卖盘
1909,14:39:16,22.36,0.0,51,114037,卖盘
1910,14:39:22,22.36,0.0,20,44720,卖盘
1911,14:39:27,22.37,0.01,1,2237,买盘
1912,14:39:33,22.36,-0.01,20,44720,卖盘
1913,14:39:36,22.36,0.0,116,259376,卖盘
1914,14:39:40,22.37,0.01,1,2237,买盘
1915,14:39:43,22.36,-0.01,15,33540,卖盘
1916,14:39:46,22.36,0.0,20,44720,卖盘
1917,14:39:58,22.36,0.0,111,248196,卖盘
1918,14:40:00,22.36,0.0,33,73788,买盘
1919,14:40:06,22.36,0.0,16,35776,买盘
1920,14:40:13,22.36,0.0,3,6708,买盘
1921,14:40:19,22.35,-0.01,25,55880,卖盘
1922,14:40:22,22.36,0.01,9,20124,买盘
1923,14:40:28,22.35,-0.01,5,11175,卖盘
1924,14:40:31,22.35,0.0,3,7154,卖盘
1925,14:40:37,22.36,0.01,28,62608,买盘
1926,14:40:42,22.35,-0.01,20,44700,卖盘
1927,14:40:55,22.36,0.01,1,2236,买盘
1928,14:40:58,22.35,-0.01,23,51405,卖盘
1929,14:41:09,22.36,0.01,31,69316,买盘
1930,14:41:12,22.36,0.0,1,2236,买盘
1931,14:41:15,22.36,0.0,4,8944,买盘
1932,14:41:18,22.35,-0.01,4,8493,卖盘
1933,14:41:22,22.34,-0.01,30,67020,卖盘
1934,14:41:24,22.35,0.01,14,31290,买盘
1935,14:41:28,22.36,0.01,5,11178,买盘
1936,14:41:33,22.36,0.0,21,46916,买盘
1937,14:41:43,22.34,-0.02,20,44680,卖盘
1938,14:41:46,22.36,0.02,45,100620,买盘
1939,14:41:49,22.34,-0.02,1,2234,卖盘
1940,14:41:57,22.36,0.02,54,120696,买盘
1941,14:42:04,22.34,-0.02,12,26810,卖盘
1942,14:42:13,22.34,0.0,10,22340,卖盘
1943,14:42:16,22.35,0.01,12,26810,买盘
1944,14:42:22,22.35,0.0,10,22343,买盘
1945,14:42:25,22.35,0.0,6,13410,买盘
1946,14:42:33,22.33,-0.02,2,4466,卖盘
1947,14:42:40,22.34,0.01,6,13404,买盘
1948,14:42:49,22.34,0.0,1,2234,买盘
1949,14:42:52,22.33,-0.01,20,44660,卖盘
1950,14:42:58,22.34,0.01,7,15638,买盘
1951,14:43:01,22.34,0.0,1,2234,买盘
1952,14:43:04,22.34,0.0,26,58064,买盘
1953,14:43:12,22.34,0.0,5,11170,买盘
1954,14:43:16,22.34,0.0,41,91594,买盘
1955,14:43:18,22.35,0.01,2,4470,买盘
1956,14:43:22,22.34,-0.01,51,113934,卖盘
1957,14:43:25,22.35,0.01,1,2235,买盘
1958,14:43:31,22.35,0.0,50,111730,买盘
1959,14:43:37,22.34,-0.01,2,4469,中性盘
1960,14:43:40,22.35,0.01,16,35760,买盘
1961,14:43:43,22.35,0.0,74,165390,买盘
1962,14:43:49,22.34,-0.01,6,13405,卖盘
1963,14:43:55,22.35,0.01,3,6705,买盘
1964,14:44:00,22.35,0.0,1,2235,买盘
1965,14:44:04,22.34,-0.01,37,82658,卖盘
1966,14:44:07,22.34,0.0,33,73735,卖盘
1967,14:44:16,22.35,0.01,1,2235,买盘
1968,14:44:19,22.34,-0.01,25,55873,卖盘
1969,14:44:24,22.34,0.0,3,6703,卖盘
1970,14:44:27,22.35,0.01,31,69285,买盘
1971,14:44:36,22.35,0.0,4,8940,买盘
1972,14:44:39,22.35,0.0,2,4470,买盘
1973,14:44:42,22.35,0.0,1,2235,买盘
1974,14:44:45,22.34,-0.01,10,22340,卖盘
1975,14:44:49,22.35,0.01,2,4470,买盘
1976,14:44:55,22.34,-0.01,1,2234,卖盘
1977,14:44:58,22.34,0.0,4,8936,卖盘
1978,14:45:01,22.34,0.0,54,120640,卖盘
1979,14:45:04,22.35,0.01,9,20115,买盘
1980,14:45:06,22.34,-0.01,17,37978,卖盘
1981,14:45:10,22.35,0.01,5,11175,买盘
1982,14:45:13,22.34,-0.01,17,37978,卖盘
1983,14:45:16,22.34,0.0,99,221166,买盘
1984,14:45:19,22.34,0.0,8,17872,买盘
1985,14:45:28,22.34,0.0,106,236804,买盘
1986,14:45:40,22.34,0.0,1,2234,买盘
1987,14:45:43,22.34,0.0,10,22340,买盘
1988,14:45:45,22.34,0.0,10,22340,买盘
1989,14:45:48,22.34,0.0,2,4468,买盘
1990,14:45:52,22.34,0.0,1,2234,买盘
1991,14:45:55,22.34,0.0,6,13404,买盘
1992,14:46:01,22.35,0.01,2,4470,买盘
1993,14:46:04,22.35,0.0,50,111750,买盘
1994,14:46:06,22.33,-0.02,27,60295,卖盘
1995,14:46:10,22.34,0.01,2,4468,卖盘
1996,14:46:13,22.35,0.01,9,20115,买盘
1997,14:46:19,22.36,0.01,47,105070,买盘
1998,14:46:24,22.37,0.01,16,35780,买盘
1999,14:46:30,22.36,-0.01,5,11180,买盘
2000,14:46:34,22.38,0.02,60,134222,买盘
2001,14:46:37,22.37,-0.01,1,2237,中性盘
2002,14:46:43,22.38,0.01,1,2238,买盘
2003,14:46:54,22.38,0.0,4,8949,买盘
2004,14:46:58,22.37,-0.01,1,2237,卖盘
2005,14:47:07,22.38,0.01,12,26856,买盘
2006,14:47:10,22.38,0.0,22,49236,买盘
2007,14:47:13,22.38,0.0,42,93996,买盘
2008,14:47:16,22.38,0.0,21,46978,买盘
2009,14:47:18,22.38,0.0,100,223800,买盘
2010,14:47:21,22.38,0.0,10,22380,买盘
2011,14:47:28,22.38,0.0,93,208134,买盘
2012,14:47:34,22.38,0.0,10,22380,卖盘
2013,14:47:37,22.38,0.0,66,147752,卖盘
2014,14:47:40,22.39,0.01,87,194793,买盘
2015,14:47:43,22.39,0.0,15,33585,买盘
2016,14:47:48,22.4,0.01,1,2240,买盘
2017,14:47:51,22.4,0.0,11,24640,买盘
2018,14:47:58,22.4,0.0,13,29120,买盘
2019,14:48:00,22.4,0.0,2,4480,买盘
2020,14:48:04,22.4,0.0,6,13440,买盘
2021,14:48:07,22.4,0.0,3,6720,买盘
2022,14:48:10,22.42,0.02,93,208349,买盘
2023,14:48:13,22.42,0.0,21,47035,买盘
2024,14:48:19,22.4,-0.02,3,6720,卖盘
2025,14:48:24,22.42,0.02,47,105374,买盘
2026,14:48:30,22.4,-0.02,20,44800,卖盘
2027,14:48:34,22.42,0.02,5,11210,买盘
2028,14:48:37,22.42,0.0,1,2242,买盘
2029,14:48:40,22.41,-0.01,13,29133,买盘
2030,14:48:43,22.41,0.0,9,20169,买盘
2031,14:48:46,22.4,-0.01,43,96322,卖盘
2032,14:48:52,22.4,0.0,4,8960,买盘
2033,14:48:55,22.41,0.01,11,24641,买盘
2034,14:49:00,22.4,-0.01,17,38080,卖盘
2035,14:49:04,22.4,0.0,8,17920,买盘
2036,14:49:06,22.41,0.01,18,40333,买盘
2037,14:49:10,22.41,0.0,1,2241,买盘
2038,14:49:13,22.41,0.0,5,11205,买盘
2039,14:49:22,22.4,-0.01,29,64962,卖盘
2040,14:49:28,22.4,0.0,3,6720,买盘
2041,14:49:33,22.41,0.01,1,2241,买盘
2042,14:49:36,22.4,-0.01,17,38080,卖盘
2043,14:49:39,22.4,0.0,9,20152,买盘
2044,14:49:46,22.39,-0.01,21,47020,卖盘
2045,14:49:49,22.4,0.01,10,22400,买盘
2046,14:49:51,22.38,-0.02,200,447622,卖盘
2047,14:49:54,22.39,0.01,2,4478,买盘
2048,14:50:01,22.4,0.01,100,223902,买盘
2049,14:50:04,22.4,0.0,1,2240,买盘
2050,14:50:07,22.38,-0.02,20,44760,卖盘
2051,14:50:09,22.4,0.02,7,17470,卖盘
2052,14:50:15,22.39,-0.01,1,2239,中性盘
2053,14:50:19,22.38,-0.01,9,20142,卖盘
2054,14:50:25,22.39,0.01,2,4478,买盘
2055,14:50:28,22.39,0.0,7,15673,买盘
2056,14:50:36,22.39,0.0,11,24630,卖盘
2057,14:50:39,22.39,0.0,1,2239,卖盘
2058,14:50:43,22.4,0.01,8,17920,买盘
2059,14:50:46,22.39,-0.01,44,98539,卖盘
2060,14:50:49,22.39,0.0,24,53304,卖盘
2061,14:50:52,22.4,0.01,10,22400,买盘
2062,14:50:58,22.4,0.0,53,118720,买盘
2063,14:51:01,22.4,0.0,2,4480,买盘
2064,14:51:07,22.4,0.0,1,2240,买盘
2065,14:51:10,22.4,0.0,2,4479,买盘
2066,14:51:15,22.4,0.0,1,2240,买盘
2067,14:51:18,22.42,0.02,101,226262,买盘
2068,14:51:21,22.4,-0.02,7,15680,卖盘
2069,14:51:31,22.4,0.0,12,26880,买盘
2070,14:51:37,22.4,0.0,1,2240,买盘
2071,14:51:40,22.4,0.0,16,35840,买盘
2072,14:51:43,22.4,0.0,21,47040,买盘
2073,14:51:52,22.4,0.0,2,4480,买盘
2074,14:51:54,22.41,0.01,8,17928,买盘
2075,14:51:57,22.4,-0.01,30,67200,卖盘
2076,14:52:01,22.4,0.0,15,33600,买盘
2077,14:52:07,22.4,0.0,7,15680,买盘
2078,14:52:10,22.4,0.0,9,20160,买盘
2079,14:52:13,22.4,0.0,28,62720,卖盘
2080,14:52:16,22.4,0.0,10,22400,买盘
2081,14:52:19,22.4,0.0,12,26874,买盘
2082,14:52:27,22.4,0.0,8,17920,买盘
2083,14:52:31,22.43,0.03,200,448330,买盘
2084,14:52:40,22.43,0.0,27,60511,买盘
2085,14:52:46,22.4,-0.03,2,4480,卖盘
2086,14:52:49,22.44,0.04,142,318580,买盘
2087,14:52:54,22.43,-0.01,44,98696,卖盘
2088,14:52:57,22.42,-0.01,5,11210,买盘
2089,14:53:07,22.43,0.01,4,8971,买盘
2090,14:53:16,22.42,-0.01,30,67260,卖盘
2091,14:53:22,22.42,0.0,1,2242,卖盘
2092,14:53:27,22.43,0.01,25,56055,买盘
2093,14:53:30,22.43,0.0,10,22428,买盘
2094,14:53:33,22.42,-0.01,17,38129,卖盘
2095,14:53:36,22.42,0.0,18,40356,卖盘
2096,14:53:39,22.42,0.0,30,67260,买盘
2097,14:53:42,22.42,0.0,11,24662,买盘
2098,14:53:46,22.41,-0.01,15,33615,卖盘
2099,14:53:52,22.42,0.01,36,80682,买盘
2100,14:53:58,22.42,0.0,1,2242,买盘
2101,14:54:00,22.42,0.0,34,76208,买盘
2102,14:54:03,22.42,0.0,25,56050,买盘
2103,14:54:06,22.42,0.0,10,22420,卖盘
2104,14:54:10,22.43,0.01,1,2243,买盘
2105,14:54:13,22.42,-0.01,38,85196,卖盘
2106,14:54:16,22.42,0.0,1,2242,买盘
2107,14:54:19,22.42,0.0,15,33630,买盘
2108,14:54:25,22.41,-0.01,20,44820,卖盘
2109,14:54:31,22.41,0.0,5,11208,卖盘
2110,14:54:34,22.41,0.0,10,22410,卖盘
2111,14:54:37,22.4,-0.01,20,44804,卖盘
2112,14:54:39,22.4,0.0,1,2240,卖盘
2113,14:54:43,22.42,0.02,62,139004,买盘
2114,14:54:49,22.4,-0.02,30,67210,卖盘
2115,14:54:57,22.41,0.01,6,13446,卖盘
2116,14:55:04,22.42,0.01,8,17936,买盘
2117,14:55:07,22.42,0.0,61,136762,卖盘
2118,14:55:09,22.42,0.0,11,24214,卖盘
2119,14:55:15,22.42,0.0,7,15694,卖盘
2120,14:55:22,22.41,-0.01,125,280636,卖盘
2121,14:55:28,22.42,0.01,1,2242,买盘
2122,14:55:34,22.41,-0.01,10,22410,卖盘
2123,14:55:37,22.42,0.01,26,58280,买盘
2124,14:55:43,22.42,0.0,90,201780,买盘
2125,14:55:45,22.41,-0.01,6,13447,卖盘
2126,14:55:48,22.41,0.0,40,89616,卖盘
2127,14:55:52,22.42,0.01,33,73976,买盘
2128,14:55:58,22.42,0.0,3,6726,买盘
2129,14:56:01,22.41,-0.01,2,4482,卖盘
2130,14:56:04,22.41,0.0,8,17929,卖盘
2131,14:56:10,22.42,0.01,25,56050,买盘
2132,14:56:13,22.41,-0.01,50,112050,卖盘
2133,14:56:16,22.41,0.0,14,31374,卖盘
2134,14:56:19,22.42,0.01,9,20178,买盘
2135,14:56:22,22.41,-0.01,36,80692,卖盘
2136,14:56:24,22.41,0.0,50,112050,卖盘
2137,14:56:28,22.42,0.01,13,29146,买盘
2138,14:56:31,22.41,-0.01,25,56049,卖盘
2139,14:56:34,22.41,0.0,50,112050,卖盘
2140,14:56:37,22.42,0.01,10,22420,买盘
2141,14:56:40,22.42,0.0,21,47082,买盘
2142,14:56:43,22.41,-0.01,39,87399,卖盘
2143,14:56:49,22.42,0.01,100,224139,买盘
2144,14:56:55,22.42,0.0,2,4484,买盘
2145,14:56:58,22.41,-0.01,7,15687,卖盘
2146,14:57:01,22.42,0.01,12,26899,买盘
2147,14:57:04,22.42,0.0,14,31388,买盘
2148,15:00:04,22.4,-0.02,360,805504,卖盘
